1.000000000000000048e-04
3.999599999999999857e-04
1.599200127989999949e-03
6.386570747779999647e-03
2.538312984740000167e-02
9.895530626640000604e-02
3.566526145119999769e-01
9.178061082949999783e-01
3.017522234839999928e-01
8.427912764260000467e-01
5.299765632249999747e-01
9.964056226290000096e-01
1.432583128970000078e-02
5.648240739040000236e-02
2.131685801830000004e-01
6.709109464229999764e-01
8.831577935709999938e-01
4.127604209049999806e-01
9.695570233570000029e-01
1.180648072639999963e-01
4.165020341999999820e-01
9.721123588290000450e-01
1.084396825650000007e-01
3.867220712400000204e-01
9.486724434229999448e-01
1.947721540510000127e-01
6.273438482290000229e-01
9.351341772729999668e-01
2.426329910749999985e-01
7.350488908679999600e-01
7.790080756060000500e-01
6.886179749869999478e-01
8.576930380480000116e-01
4.882227621279999763e-01
9.994451866719999966e-01
2.218022038909999837e-03
8.852409668580000709e-03
3.509617804660000034e-02
1.354577453320000013e-01
4.684357782470000009e-01
9.960147996210000354e-01
1.587727422949999911e-02
6.250074557010000531e-02
2.343776094929999887e-01
7.177789826460000411e-01
8.102892588710000066e-01
6.148823033160000229e-01
9.472082255389999705e-01
2.000192120410000107e-01
6.400461074209999879e-01
9.215483511850000031e-01
2.891879504539999757e-01
8.222331190639999843e-01
5.846632679119999620e-01
9.713285242660000263e-01
1.113976888540000043e-01
3.959529750870000031e-01
9.566968664270000255e-01
1.657118887829999998e-01
5.530058347949999842e-01
9.887615259109999721e-01
4.444868315830000083e-02
1.698919908950000113e-01
5.641148092990000418e-01
9.835571649140000261e-01
6.468987304109999337e-02
2.420203734680000107e-01
7.337860491780000549e-01
7.813763328399999653e-01
6.833094372710000197e-01
8.655906008289999676e-01
4.653740503409999896e-01
9.952041744409999557e-01
1.909130246590000010e-02
7.490729854430000501e-02
2.771847806769999756e-01
8.014135121509999848e-01
6.365995787699999520e-01
9.253622203189999507e-01
2.762679261009999832e-01
7.997758364350000537e-01
6.405377915579999470e-01
9.209965165760000128e-01
2.910477321250000138e-01
8.253557990000000011e-01
5.765744162289999641e-01
9.765454351169999825e-01
9.161779307709999598e-02
3.328958922749999938e-01
8.883048687260000076e-01
3.968773156950000103e-01
9.574628479269999826e-01
1.629109710670000044e-01
5.454839462920000326e-01
9.917248425189999494e-01
3.282671699990000191e-02
1.269964946040000042e-01
4.434735398479999757e-01
9.872190372110000167e-01
5.047043911750000167e-02
1.916926955709999936e-01
6.197864241439999811e-01
9.426048503639999909e-01
2.164037857389999875e-01
6.782927490260000081e-01
8.728467825789999468e-01
4.439411068829999807e-01
9.874296020099999627e-01
4.964953233720000025e-02
1.887378251040000010e-01
6.124634339150000217e-01
9.494079041280000242e-01
1.921301428290000113e-01
6.208646041809999794e-01
9.415669898240000002e-01
2.200743739899999885e-01
6.865665756109999851e-01
8.607716514590000312e-01
4.793752620139999920e-01
9.982984807320000042e-01
6.794496400900000392e-03
2.699332487820000140e-02
1.050587411610000022e-01
3.760856082669999934e-01
9.385808940850000059e-01
2.305871973730000135e-01
7.096669671230000365e-01
8.241590515890000468e-01
5.796836370919999926e-01
9.746020719189999459e-01
9.901149331960000521e-02
3.568328700410000054e-01
9.180126915970000523e-01
3.010615586550000056e-01
8.416939862210000012e-01
5.329808791219999842e-01
9.956490464489999859e-01
1.732809101550000092e-02
6.811131310909999959e-02
2.538886485429999729e-01
7.577168107359999460e-01
7.343281818569999952e-01
7.803612127500000328e-01
6.855903615420000374e-01
8.622248708120000549e-01
4.751725718620000150e-01
9.975343952480000276e-01
9.838102179820000515e-03
3.896525570130000143e-02
1.497878581980000012e-01
5.094058229369999857e-01
9.996461219800000242e-01
1.415011163280000071e-03
5.652035626739999874e-03
2.248036047999999940e-02
8.789997549090000639e-02
3.206942791979999763e-01
8.713978339510000115e-01
4.482545957449999841e-01
9.892896525540000319e-01
4.238254361419999811e-02
1.623450544439999921e-01
5.439565509660000409e-01
9.922712865089999834e-01
3.067592191659999912e-02
1.189396389249999936e-01
4.191720048679999922e-01
9.738673408119999930e-01
1.017989732470000047e-01
3.657437691709999883e-01
9.279010579349999954e-01
2.676027384740000126e-01
7.839660513409999476e-01
6.774531267429999559e-01
8.740415512360000250e-01
4.403716717960000082e-01
9.857778499020000140e-01
5.607952217699999770e-02
2.117384374780000023e-01
6.676210862879999874e-01
8.876126857260000502e-01
3.990256234569999894e-01
9.592167011269999710e-01
1.564800856240000093e-01
5.279762737080000434e-01
9.968693124380000326e-01
1.248354543060000051e-02
4.931082609649999754e-02
1.875170741049999867e-01
6.094176840959999453e-01
9.521110816290000445e-01
1.823822794749999920e-01
5.964759344329999546e-01
9.627695763010000185e-01
1.433772769999999974e-01
4.912809337599999826e-01
9.996959115360000148e-01
1.215983978250000010e-03
4.858021444850000280e-03
1.933768429000000053e-02
7.585495302500000481e-02
2.804039165059999950e-01
8.071102404569999722e-01
6.227332008260000329e-01
9.397462456599999792e-01
2.264929577110000036e-01
7.007755912719999536e-01
8.387566477969999879e-01
5.409757342940000324e-01
9.932839567960000116e-01
2.668375186909999891e-02
1.038869170210000026e-01
3.723777019719999859e-01
9.348501961849999820e-01
2.436212275129999993e-01
7.370797000730000548e-01
7.751728632540000330e-01
6.971195813149999587e-01
8.445754826489999534e-01
5.250709470279999458e-01
9.974857904599999658e-01
1.003155315970000010e-02
3.972368440349999946e-02
1.525828532040000018e-01
5.172053044469999694e-01
9.988159099950000286e-01
4.730751741519999970e-03
1.883348691789999904e-02
7.391514675379999566e-02
2.738067913369999773e-01
7.953465294179999923e-01
6.510817102429999892e-01
9.086972673200000017e-01
3.318661747389999861e-01
8.869240672129999892e-01
4.011590648460000019e-01
9.609218781520000308e-01
1.502040889640000043e-01
5.105712824910000336e-01
9.995529919460000023e-01
1.787232951140000020e-03
7.136154998049999872e-03
2.834092115960000144e-02
1.101508533899999975e-01
3.920705715489999910e-01
9.534049538969999738e-01
1.776957911270000134e-01
5.844799877720000536e-01
9.714525266639999490e-01
1.109300604080000058e-01
3.944983284240000110e-01
9.554775891790000530e-01
1.701606630239999862e-01
5.648240471330000512e-01
9.831913716529999681e-01
6.610439344030000219e-02
2.469384104329999940e-01
7.438393275429999729e-01
7.621695293739999544e-01
7.250685514710000223e-01
7.973765885550000432e-01
6.462686583159999998e-01
9.144219183770000425e-01
3.130178942740000081e-01
8.601507685529999891e-01
4.811656956420000131e-01
9.985810759169999606e-01
5.667642948349999737e-03
2.254208308709999831e-02
8.813575030860000548e-02
3.214713593049999818e-01
8.725100978059999735e-01
4.449449081310000165e-01
9.878757474370000180e-01
4.790902025089999877e-02
1.824549841180000131e-01
5.966606515540000544e-01
9.626268737640000239e-01
1.439055026839999862e-01
4.927868359259999775e-01
9.997918810560000313e-01
8.323025213669999617e-04
3.326439175520000055e-03
1.326149591170000010e-02
5.234251455160000149e-02
1.984111028880000127e-01
6.361765485550000543e-01
9.258237904939999874e-01
2.746963977960000247e-01
7.969531473359999785e-01
6.472753131480000199e-01
9.132399285479999573e-01
3.169310458140000009e-01
8.659430320530000502e-01
4.643427891679999808e-01
9.949142532629999813e-01
2.023952766910000131e-02
7.931955675519999915e-02
2.921118586850000032e-01
8.271300828030000440e-01
5.719436357010000416e-01
9.792964531279999552e-01
8.109964007490000348e-02
2.980899538180000197e-01
8.369293330039999645e-01
5.459144982470000018e-01
9.915674354029999638e-01
3.344582580520000237e-02
1.293088101659999878e-01
4.503521671169999907e-01
9.901403707600000548e-01
3.904966780429999784e-02
1.500991649950000062e-01
5.102776226499999845e-01
9.995774818910000414e-01
1.689358351220000094e-03
6.746017678329999795e-03
2.680203569520000009e-02
1.043347463109999956e-01
3.737960280939999769e-01
9.362902298999999928e-01
2.386033411740000054e-01
7.266871470179999681e-01
7.944517495080000158e-01
6.531926688470000020e-01
9.061280248469999465e-01
3.402401097369999738e-01
8.979071098519999516e-01
3.666797277159999924e-01
9.289028199929999507e-01
2.641694840079999995e-01
7.775358709080000263e-01
6.918953614370000338e-01
8.527046810359999451e-01
5.023976319009999525e-01
9.999770054450000112e-01
9.197610475790000170e-05
3.678705806160000079e-04
1.470941007410000046e-03
5.875109359850000379e-03
2.336236979939999847e-02
9.126627790709999910e-02
3.317469776959999783e-01
8.867636819430000372e-01
4.016554173199999855e-01
9.613133722300000183e-01
1.487598904069999950e-01
5.065215416520000291e-01
9.998298779780000478e-01
6.803723222640000422e-04
2.719637663069999958e-03
1.084896493620000034e-02
4.292505958409999905e-02
1.643299953750000097e-01
5.493025919799999768e-01
9.902770176959999615e-01
3.851378367629999799e-02
1.481218885729999879e-01
5.047271787939999754e-01
9.999106151229999462e-01
3.575075510130000024e-04
1.429518957449999990e-03
5.709901732020000037e-03
2.270919501690000022e-02
8.877394991440000493e-02
3.235725429240000062e-01
8.754934095590000132e-01
4.360187975109999781e-01
9.836256229119999528e-01
6.442502745059999758e-02
2.410977731539999946e-01
7.318785477370000070e-01
7.849293563970000109e-01
6.752610474529999740e-01
8.771342609819999803e-01
4.310789967740000228e-01
9.809995812570000417e-01
7.455761132139999969e-02
2.759950956619999785e-01
7.992872113300000247e-01
6.417086605380000197e-01
9.196746221149999512e-01
2.954928462120000043e-01
8.327072961979999910e-01
5.572234202260000213e-01
9.869019207100000468e-01
5.170607843410000154e-02
1.961302395479999905e-01
6.306526747320000403e-01
9.317195143409999769e-01
2.544730437470000273e-01
7.588660550129999738e-01
7.319534622479999530e-01
7.847903654050000233e-01
6.755777910900000460e-01
8.766897571030000114e-01
4.324193075739999892e-01
9.817314000450000355e-01
7.173943284299999501e-02
2.663715464740000205e-01
7.816709828110000036e-01
6.826458297680000342e-01
8.665620034730000532e-01
4.625291904389999820e-01
9.943837537230000301e-01
2.233881621810000079e-02
8.735917403239999712e-02
3.189101949789999724e-01
8.688259300699999743e-01
4.558697332319999740e-01
9.922100782199999580e-01
3.091695559430000101e-02
1.198443898040000011e-01
4.219268481469999887e-01
9.756183318390000414e-01
9.514880967500000120e-02
3.443820547700000012e-01
9.031322204889999927e-01
3.499376512140000006e-01
9.099251659070000109e-01
3.278454334229999878e-01
8.814512208270000038e-01
4.179798645189999884e-01
9.730907895020000087e-01
1.047404195520000025e-01
3.750794562549999989e-01
9.375794310020000299e-01
2.340969662550000108e-01
7.171823065819999954e-01
8.113273828320000103e-01
6.123010427970000391e-01
9.495539031469999447e-01
1.916051526599999999e-01
6.195704725370000387e-01
9.428116083890000221e-01
2.156715179039999930e-01
6.766292570769999459e-01
8.752084221779999895e-01
4.368745597070000097e-01
9.840607151510000206e-01
6.274089618820000158e-02
2.352179045349999942e-01
7.195617676840000421e-01
8.071705206860000370e-01
6.225850848870000398e-01
9.398915878529999768e-01
2.259815637450000025e-01
6.996555863700000266e-01
8.405505873249999871e-01
5.361011898909999740e-01
9.947868163540000142e-01
2.074402544939999912e-02
8.125484343010000443e-02
2.986099753970000159e-01
8.377682319610000317e-01
5.436504859099999809e-01
9.923785403189999688e-01
3.025349213280000005e-02
1.173528733860000062e-01
4.143247059769999963e-01
9.706389759769999959e-01
1.139958171669999965e-01
4.040030833420000245e-01
9.631383679689999866e-01
1.420114084619999995e-01
4.873766733129999973e-01
9.993626064930000163e-01
2.547948944269999832e-03
1.016582760179999927e-02
4.024993420390000215e-02
1.545195080020000111e-01
5.225729185949999911e-01
9.979618533840000083e-01
8.135970295910000677e-03
3.227910513300000228e-02
1.249486580190000001e-01
4.373459635140000135e-01
9.842978868480000143e-01
6.182222717810000046e-02
2.320009576189999978e-01
7.127060531319999725e-01
8.190245398430000545e-01
5.928933719110000000e-01
9.654832858199999812e-01
1.333012424879999880e-01
4.621280849580000072e-01
9.942628722040000033e-01
2.281685264180000061e-02
8.918497550949999741e-02
3.249240626109999863e-01
8.773936645900000109e-01
4.302960877090000191e-01
9.805654584449999822e-01
7.622736059640000672e-02
2.816670003710000092e-01
8.093228050930000306e-01
6.172776089979999936e-01
9.449838497110000235e-01
2.079574939859999971e-01
6.588446987249999554e-01
8.990734467480000491e-01
3.629615364020000179e-01
9.248818379790000321e-01
2.779016950229999949e-01
8.026893717049999877e-01
6.335165770259999496e-01
9.286932946370000108e-01
2.648882365340000100e-01
7.788898347199999517e-01
6.888818403599999973e-01
8.572946015290000554e-01
4.893622708729999937e-01
9.995473548759999938e-01
1.809760945209999998e-03
7.225942842120000424e-03
2.869491436859999967e-02
1.114860650319999952e-01
3.962276893430000113e-01
9.569252301639999958e-01
1.648773361599999987e-01
5.507712007220000316e-01
9.896891407090000481e-01
4.081818188760000243e-02
1.566082316600000135e-01
5.283283737449999684e-01
9.967900129640000495e-01
1.279873207739999977e-02
5.053969813860000049e-02
1.919417482030000011e-01
6.204004539980000343e-01
9.420149227080000243e-01
2.184912324130000028e-01
6.830112550870000021e-01
8.660275220459999757e-01
4.640954124200000197e-01
9.948434423630000412e-01
2.051987020149999980e-02
8.039522051349999587e-02
2.957273161280000173e-01
8.330906824949999567e-01
5.562023889389999809e-01
9.873651659100000089e-01
4.990078022990000056e-02
1.896427694489999927e-01
6.147135577800000306e-01
9.473631986460000487e-01
1.994646739879999964e-01
6.387140712759999950e-01
9.230336257200000283e-01
2.841702060390000062e-01
8.136700001550000172e-01
6.064445240100000412e-01
9.546782532330000404e-01
1.730707441490000054e-01
5.724690466740000039e-01
9.789929490969999648e-01
8.226301886320000478e-02
3.019832583629999956e-01
8.431574801260000029e-01
5.289717753349999496e-01
9.966425449360000188e-01
1.338473023899999954e-02
5.282231694180000020e-02
2.001284790990000007e-01
6.403082838089999562e-01
9.212543419780000464e-01
2.901791174589999911e-01
8.239007889980000110e-01
5.803531155450000201e-01
9.741735072889999847e-01
1.006379399409999958e-01
3.620397799419999840e-01
9.238679107260000523e-01
2.813439770269999807e-01
8.087581744709999576e-01
6.186735587889999888e-01
9.436663457770000374e-01
2.126406944989999992e-01
6.696985181679999677e-01
8.848096517269999906e-01
4.076861277509999937e-01
9.659125959619999646e-01
1.317018116969999875e-01
4.574257779700000026e-01
9.927497424740000520e-01
2.879076516600000135e-02
1.118474280289999956e-01
3.973503234879999790e-01
9.578521756479999594e-01
1.614855410169999950e-01
5.416318442369999486e-01
9.930671581819999760e-01
2.753911009029999871e-02
1.071228300230000069e-01
3.825901172439999942e-01
9.448596777250000134e-01
2.083994685389999879e-01
6.598765202059999613e-01
8.977579931469999996e-01
3.671543155499999989e-01
9.294080964919999577e-01
2.624347466679999852e-01
7.742510016370000026e-01
6.991455524040000036e-01
8.413641958309999724e-01
5.338819432189999548e-01
9.954080556950000158e-01
1.828343341050000029e-02
7.179659789310000040e-02
2.665673856960000254e-01
7.820368583169999832e-01
6.818208422020000103e-01
8.677647253639999558e-01
4.589964271129999829e-01
9.932748280419999576e-01
2.671977608049999967e-02
1.040233185869999938e-01
3.728098711080000127e-01
9.352906844499999650e-01
2.420880801239999880e-01
7.339257663429999967e-01
7.811149433620000471e-01
6.838975544730000466e-01
8.647267578349999706e-01
4.678975684769999810e-01
9.958777355610000104e-01
1.642108549860000002e-02
6.460573379860000409e-02
2.417273318360000089e-01
7.331809155170000425e-01
7.825066425540000425e-01
6.807599876519999649e-01
8.693033074570000185e-01
4.544602684060000120e-01
9.917045313850000321e-01
3.290661526009999727e-02
1.272950797290000047e-01
4.443641696230000160e-01
9.876186175129999523e-01
4.891233541909999899e-02
1.860796754519999929e-01
6.058161193419999702e-01
9.552117955490000423e-01
1.711288847709999950e-01
5.673751582730000020e-01
9.818423521910000229e-01
7.131179054010000629e-02
2.649056762800000020e-01
7.789226358190000088e-01
6.888086529110000189e-01
8.574051703439999894e-01
4.890461768450000135e-01
9.995200550330000100e-01
1.918858478669999970e-03
7.660705843239999820e-03
3.040807771689999980e-02
1.179337061059999997e-01
4.161013882799999841e-01
9.718440918059999545e-01
1.094526121119999973e-01
3.898909512570000180e-01
9.515039895389999502e-01
1.845765897199999894e-01
6.020322889900000529e-01
9.583576480140000298e-01
1.596330660280000091e-01
5.366014010349999808e-01
9.946413497689999828e-01
2.131974039409999938e-02
8.346083625439999765e-02
3.059805002639999771e-01
8.494257348889999726e-01
5.116066231879999870e-01
9.994611451930000001e-01
2.154257771269999823e-03
8.598467778880000689e-03
3.409813652299999859e-02
1.317418144339999875e-01
4.575436350559999865e-01
9.927898283029999993e-01
2.863274048459999929e-02
1.112516266280000055e-01
3.954988088020000014e-01
9.563180041529999453e-01
1.670955163439999946e-01
5.566984190479999928e-01
9.871411571099999449e-01
5.077397219879999785e-02
1.927839037840000103e-01
6.224730809030000200e-01
9.400013778169999945e-01
2.255951500779999896e-01
6.988079133569999879e-01
8.419016543459999502e-01
5.324130350210000140e-01
9.957975806429999466e-01
1.673903611459999843e-02
6.583536313820000097e-02
2.460042723939999953e-01
7.419446814329999640e-01
7.658510845060000349e-01
7.172928034679999509e-01
8.111353502439999641e-01
6.127791753150000353e-01
9.491234304610000061e-01
1.931525768419999900e-01
6.233786356060000422e-01
9.391108491040000006e-01
2.287266487959999928e-01
7.056430757049999558e-01
8.308437016580000334e-01
5.621697802939999988e-01
9.845396736729999931e-01
6.088521854790000104e-02
2.287128348409999956e-01
7.056130960800000018e-01
8.308930188819999563e-01
5.620392402210000471e-01
9.846045306909999573e-01
6.063379533399999854e-02
2.278293527899999948e-01
7.036925551889999797e-01
8.340373718429999750e-01
5.536761368489999668e-01
9.884754893320000235e-01
4.556678528770000125e-02
1.739618134650000036e-01
5.747964036839999791e-01
9.776219919840000161e-01
8.750893109299999473e-02
3.194044722880000076e-01
8.695410214809999871e-01
4.537577337700000046e-01
9.914466112559999766e-01
3.392091314130000340e-02
1.310811391720000108e-01
4.555954965010000079e-01
9.921129602760000443e-01
3.129933731370000000e-02
1.212787551900000038e-01
4.262808749170000078e-01
9.782619623880000059e-01
8.506198133160000618e-02
3.113057626540000067e-01
8.575779391700000254e-01
4.885520696760000114e-01
9.994757795649999998e-01
2.095782511120000084e-03
8.365560827159999532e-03
3.318231287679999919e-02
1.283249879560000029e-01
4.474307416880000110e-01
9.889458923220000308e-01
4.372765752550000079e-02
1.672621979710000040e-01
5.571422204039999659e-01
9.869390665889999914e-01
5.156138171759999667e-02
1.956112225320000009e-01
6.293898886059999809e-01
9.330330269059999848e-01
2.499295904330000040e-01
7.498591610360000326e-01
7.502815985849999869e-01
7.494364856380000273e-01
7.511257585289999872e-01
7.477434136120000296e-01
7.544928040470000319e-01
7.409336507529999949e-01
7.678039037399999600e-01
7.131242765669999484e-01
8.183121709520000397e-01
5.947094472959999489e-01
9.641204823719999872e-01
1.383687113719999917e-01
4.768912443409999979e-01
9.978639416469999857e-01
8.525982428859999254e-03
3.381316020990000198e-02
1.306793216259999890e-01
4.544089461019999998e-01
9.916858232180000288e-01
3.298020498620000268e-02
1.275700442609999929e-01
4.451837122730000207e-01
9.879806983990000457e-01
4.749935195930000270e-02
1.809726540909999959e-01
5.928862102490000119e-01
9.654886077819999635e-01
1.332814241009999956e-01
4.620699443619999958e-01
9.942452435170000546e-01
2.288655704280000147e-02
8.945105019820000225e-02
3.257982392670000227e-01
8.786149862290000279e-01
4.266027688099999771e-01
9.784513858150000187e-01
8.433708564849999589e-02
3.088973665309999728e-01
8.539191339249999624e-01
4.989649865660000239e-01
9.999957149889999730e-01
1.713997147629999840e-05
6.855871079069999661e-05
2.742160419760000193e-04
1.096563390150000032e-03
4.381443755530000164e-03
1.744898682459999906e-02
6.857807873360000084e-02
2.555005034030000122e-01
7.608799846560000413e-01
7.277665344239999667e-01
7.924896231850000472e-01
6.577992813159999619e-01
9.003975472649999867e-01
3.587272165759999853e-01
9.201680026549999836e-01
2.938353981810000182e-01
8.299846278260000210e-01
5.644405815930000347e-01
9.833896457759999654e-01
6.533780142669999569e-02
2.442750925259999928e-01
7.384190867890000343e-01
7.726253562189999702e-01
7.027016605850000541e-01
8.356481471840000452e-01
5.493612851679999798e-01
9.902538541059999755e-01
3.860463413520000275e-02
1.484572654340000075e-01
5.056708230949999994e-01
9.998713670619999716e-01
5.144655675159999888e-04
2.056803570779999930e-03
8.210292519419999310e-03
3.257153446459999657e-02
1.260425184289999945e-01
4.406232079080000252e-01
9.858975862440000348e-01
5.561414273029999938e-02
2.100848394350000037e-01
6.637967986970000345e-01
8.926824349459999697e-01
3.832020211400000154e-01
9.454329285370000058e-01
2.063580247010000090e-01
6.550975613709999479e-01
9.037789858270000032e-01
3.478501224169999739e-01
9.074016590060000054e-01
3.360955529579999768e-01
8.925413289600000466e-01
3.836452202339999951e-01
9.458462609029999468e-01
2.048844465559999939e-01
6.516272404609999569e-01
9.080367198009999807e-01
3.340241411770000224e-01
8.898080571519999538e-01
3.921987143180000190e-01
9.535155312209999678e-01
1.772946517639999997e-01
5.834450328789999585e-01
9.721477059509999741e-01
1.083061750610000012e-01
3.863037900180000261e-01
9.482926873429999848e-01
1.961346658989999991e-01
6.306634349280000329e-01
9.317082670920000531e-01
2.545118884979999940e-01
7.589423484459999480e-01
7.317954407260000016e-01
7.850834946350000454e-01
6.749096043479999585e-01
8.776265212280000005e-01
4.295928418619999745e-01
9.801713283320000469e-01
7.774198179279999399e-02
2.867926642390000169e-01
8.181705279109999784e-01
5.950700606759999900e-01
9.638467342519999592e-01
1.393848284950000016e-01
4.798267923230000176e-01
9.983721667680000023e-01
6.500733563659999610e-03
2.583389610720000090e-02
1.006660236759999993e-01
3.621295014140000212e-01
9.239669024790000407e-01
2.810082624099999871e-01
8.081704754699999826e-01
6.201238321950000021e-01
9.422810597549999834e-01
2.175498567290000129e-01
6.808876662639999910e-01
8.691186087740000454e-01
4.550058106279999959e-01
9.919020916909999652e-01
3.212932875990000270e-02
1.243881399729999948e-01
4.356629224290000102e-01
9.834429617979999483e-01
6.513161075010000245e-02
2.435579361250000130e-01
7.369498715019999757e-01
7.754190335809999501e-01
6.965774237649999812e-01
8.454292658640000235e-01
5.227144891399999604e-01
9.979362079319999967e-01
8.238131319250000667e-03
3.268105804640000084e-02
1.264520259659999979e-01
4.418476443789999819e-01
9.864732141430000434e-01
5.337524768529999797e-02
2.021053224790000102e-01
6.450350444189999477e-01
9.158593435609999611e-01
3.082440254900000176e-01
8.529185849589999702e-01
5.017938895610000172e-01
9.999871278409999675e-01
5.148797333010000015e-05
2.059412892749999896e-04
8.235955098410000300e-04
3.291668801110000150e-03
1.312333487050000060e-02
5.180445180930000337e-02
1.964830023280000060e-01
6.315097284970000446e-01
9.308207652419999700e-01
2.575738729440000263e-01
7.649182916829999623e-01
7.192731949259999480e-01
8.076770639470000068e-01
6.213392972829999694e-01
9.411070997399999527e-01
2.216981062360000032e-01
6.901922237099999968e-01
8.553076721600000321e-01
4.950258324160000112e-01
9.999010306269999759e-01
3.958383106639999779e-04
1.582726490779999984e-03
6.320885870560000001e-03
2.512372908949999858e-02
9.797010930449999433e-02
3.534878679490000009e-01
9.141367806479999691e-01
3.139629076580000011e-01
8.615608010919999504e-01
4.770951484550000066e-01
9.979014711029999818e-01
8.376500294900000518e-03
3.322533815090000092e-02
1.284856602220000032e-01
4.479083813590000185e-01
9.891458530690000472e-01
4.294533770049999838e-02
1.644041426810000095e-01
5.495016822010000412e-01
9.901983338369999554e-01
3.882237401409999872e-02
1.492607891599999903e-01
5.079280239169999822e-01
9.997485857469999848e-01
1.005404175249999948e-03
4.017573350779999643e-03
1.600572982060000093e-02
6.299818573399999788e-02
2.361176573129999956e-01
7.214644368720000145e-01
8.038140128039999999e-01
6.307881824959999939e-01
9.315778052780000484e-01
2.549623919669999905e-01
7.598262825980000024e-01
7.299612114860000167e-01
7.884713648479999559e-01
6.671370866500000441e-01
8.882607770639999734e-01
3.970142759729999860e-01
9.575757625869999456e-01
1.624976859729999890e-01
5.443687521050000200e-01
9.921256553459999461e-01
3.124935739920000136e-02
1.210913402449999982e-01
4.257129102519999764e-01
9.779257131869999453e-01
8.634805069829999680e-02
3.155682593560000249e-01
8.639397321720000411e-01
4.701914853879999856e-01
9.964458098259999508e-01
1.416623162319999990e-02
5.586219801919999756e-02
2.109664514069999885e-01
6.658384311499999653e-01
8.899904590139999794e-01
3.916297675109999821e-01
9.530235708409999784e-01
1.790785770499999929e-01
5.880377611660000392e-01
9.689974104359999618e-01
1.201657160190000018e-01
4.229036668510000041e-01
9.762246216600000137e-01
9.284043890050000525e-02
3.368843672210000140e-01
8.935731613730000245e-01
3.804006665890000138e-01
9.427839977899999946e-01
2.157693252039999954e-01
6.768516940200000054e-01
8.748939132890000137e-01
4.378182151150000201e-01
9.845337025139999643e-01
6.090836451219999725e-02
2.287941425789999927e-01
7.057895316019999754e-01
8.306026747329999793e-01
5.628074858379999990e-01
9.842208788909999617e-01
6.212056178509999665e-02
2.330463903549999938e-01
7.149430811889999626e-01
8.151978873959999650e-01
6.026011671250000035e-01
9.578920020179999550e-01
1.613396579509999984e-01
5.412366908929999720e-01
9.931981412970000145e-01
2.702237368599999870e-02
1.051686600260000048e-01
3.764328518960000092e-01
9.389246396379999915e-01
2.293806428750000126e-01
7.070606541980000159e-01
8.285035419330000206e-01
5.683416917510000221e-01
9.813176526750000406e-01
7.333326889520000447e-02
2.718220022739999964e-01
7.917392054140000024e-01
6.595529440970000490e-01
8.981714321199999462e-01
3.658380425750000220e-01
9.280022767200000189e-01
2.672562044910000156e-01
7.833213026080000363e-01
6.789161579550000436e-01
8.719560336899999653e-01
4.465948360049999954e-01
9.885915538349999698e-01
4.511317408490000264e-02
1.723119024360000029e-01
5.704820428579999714e-01
9.801291265379999951e-01
7.790408739909999991e-02
2.873401622619999873e-01
8.191031736539999830e-01
5.926926582570000157e-01
9.656322844210000200e-01
1.327463028180000115e-01
4.604988876250000196e-01
9.937586484849999513e-01
2.480958818640000008e-02
9.677629008169999492e-02
3.496425590389999893e-01
9.095705597900000106e-01
3.290078262119999764e-01
8.830467060129999490e-01
4.131008840520000169e-01
9.697941745899999466e-01
1.171737340870000060e-01
4.137762005080000138e-01
9.702618256039999833e-01
1.154152615170000035e-01
4.083783157040000167e-01
9.664218678670000173e-01
1.298025647019999951e-01
4.518154355949999812e-01
9.907129910120000549e-01
3.680304180650000034e-02
1.417943116810000126e-01
4.867547394250000270e-01
9.992982522890000441e-01
2.805021043980000187e-03
1.118861160370000080e-02
4.425370629619999885e-02
1.691812631010000123e-01
5.622358532669999853e-01
9.845067942730000299e-01
6.101266521439999840e-02
2.291604795909999992e-01
7.065838167400000369e-01
8.292925066449999827e-01
5.662657802689999853e-01
9.824353854609999548e-01
6.902439541900000364e-02
2.570401130239999832e-01
7.638819732830000042e-01
7.214652167059999455e-01
8.038126311579999461e-01
6.307915405949999776e-01
9.315742916350000513e-01
2.549745231989999916e-01
7.598500628730000539e-01
7.299117792989999742e-01
7.885622949589999875e-01
6.669272077129999587e-01
8.885412293009999907e-01
3.961428525330000228e-01
9.568547716799999936e-01
1.651348703739999868e-01
5.514613798420000546e-01
9.894069055390000145e-01
4.192352324310000267e-02
1.606637657680000109e-01
5.394036805490000086e-01
9.937893998369999871e-01
2.468811443499999841e-02
9.631444576269999891e-02
3.481518932009999845e-01
9.077686098460000519e-01
3.348990432980000209e-01
8.909666963839999454e-01
3.885801692740000202e-01
9.503424852840000048e-01
1.887665837939999924e-01
6.125350425459999970e-01
9.493434567959999626e-01
1.923618313369999944e-01
6.214350287259999828e-01
9.410141351930000342e-01
2.220261302400000081e-01
6.909221109219999546e-01
8.541949902440000297e-01
4.981836355440000252e-01
9.999868032809999807e-01
5.278618077910000178e-05
2.111335775929999985e-04
8.443560008220000112e-04
3.374572255060000192e-03
1.345273806859999949e-02
5.308704762839999702e-02
2.010752520100000107e-01
6.425759801560000373e-01
9.186883595300000538e-01
2.988002303760000089e-01
8.380746108130000538e-01
5.428222300959999469e-01
9.926650264380000310e-01
2.912468689760000159e-02
1.131057580429999931e-01
4.012513821609999809e-01
9.609948418999999520e-01
1.499350229670000090e-01
5.098180474200000312e-01
9.996144237790000053e-01
1.541710206240000077e-03
6.157333343510000036e-03
2.447768235840000126e-02
9.551410169919999360e-02
3.455646323029999967e-01
9.045988688170000236e-01
3.451990214069999841e-01
9.041466281069999722e-01
3.466620119600000161e-01
9.059498456950000334e-01
3.408188911210000005e-01
8.986454983049999568e-01
3.643270667260000151e-01
9.263714207080000484e-01
2.728296464150000156e-01
7.935745218090000108e-01
6.552560005790000197e-01
9.035822971370000012e-01
3.484853177489999898e-01
9.081732042500000324e-01
3.335785413310000114e-01
8.892155923779999638e-01
3.940448906010000085e-01
9.550940591690000314e-01
1.715575892370000133e-01
5.685023312479999813e-01
9.812297224539999752e-01
7.367181690559999885e-02
2.729771211979999945e-01
7.938424500009999552e-01
6.546264583090000144e-01
9.043626335629999513e-01
3.459634423119999913e-01
9.050909555830000119e-01
3.436052708199999750e-01
9.021627547389999835e-01
3.530604748039999907e-01
9.136351037409999876e-01
3.156240038120000091e-01
8.640219681180000277e-01
4.699520269090000091e-01
9.963884772519999711e-01
1.439391860389999979e-02
5.674693484449999659e-02
2.141068809209999979e-01
6.730604978530000393e-01
8.802002563320000528e-01
4.217910603419999793e-01
9.755334470300000005e-01
9.547176302239999968e-02
3.454276219510000190e-01
9.044295197770000350e-01
3.457470541309999867e-01
9.048241147629999537e-01
3.444697444250000018e-01
9.032413584030000164e-01
3.495856274920000062e-01
9.095020661720000232e-01
3.292322312040000254e-01
8.833534765620000284e-01
4.121604480309999929e-01
9.691368524390000516e-01
1.196424547330000032e-01
4.213125510340000046e-01
9.752331415010000448e-01
9.661384487669999466e-02
3.491184394190000040e-01
9.089390187070000016e-01
3.310755159159999850e-01
8.858580747080000428e-01
4.044541847309999771e-01
9.634839887380000079e-01
1.407303687339999942e-01
4.837013281990000246e-01
9.989374131899999565e-01
4.245830876690000026e-03
1.691121518739999857e-02
6.650090395320000514e-02
2.483141349059999892e-01
7.466169012479999534e-01
7.567204160739999796e-01
7.363785118819999864e-01
7.765007964810000107e-01
6.941892381809999790e-01
8.491621590979999690e-01
5.123431466160000003e-01
9.993905869270000020e-01
2.436166756819999925e-03
9.720927393400000810e-03
3.850572385610000203e-02
1.480921323459999939e-01
5.046434107320000306e-01
9.999137549469999664e-01
3.449504587100000064e-04
1.379325871559999991e-03
5.509693326820000285e-03
2.191734642510000108e-02
8.574790540290000429e-02
3.135808084880000179e-01
8.609915401440000338e-01
4.787404317780000196e-01
9.981921230360000230e-01
7.218434178980000226e-03
2.866531354790000097e-02
1.113744533889999971e-01
3.958807380839999834e-01
9.566367171920000523e-01
1.659316340479999874e-01
5.535933074819999744e-01
9.885110295729999663e-01
4.542789594370000295e-02
1.734568088550000053e-01
5.734781772679999889e-01
9.784038298610000517e-01
8.451910229589999768e-02
3.095024945720000198e-01
8.548428017029999770e-01
4.963463443189999880e-01
9.999466032010000394e-01
2.135757925189999979e-04
8.541207115989999819e-04
3.413564757639999791e-03
1.360764933310000015e-02
5.368992485099999962e-02
2.032292672819999979e-01
6.477085288080000058e-01
9.127287620689999992e-01
3.186198758430000000e-01
8.684050022429999904e-01
4.571110172899999768e-01
9.926421406480000487e-01
2.921488502939999926e-02
1.134455020879999998e-01
4.023024805770000212e-01
9.618207787950000531e-01
1.468862730940000139e-01
5.012427834839999763e-01
9.999938219570000397e-01
2.471201992160000050e-05
9.884563695069999460e-05
3.953434659629999955e-04
1.580748678030000076e-03
6.312999646580000172e-03
2.509258272819999899e-02
9.785178008080000489e-02
3.531072368629999958e-01
9.136900645519999697e-01
3.154421219629999773e-01
8.637535586179999614e-01
4.707333943709999802e-01
9.965738631799999636e-01
1.365759362709999952e-02
5.388425505350000200e-02
2.039229684430000078e-01
6.493535655390000327e-01
9.107740498430000331e-01
3.250587199009999928e-01
8.775821940689999545e-01
4.297267468889999775e-01
9.802466795890000251e-01
7.745250697680000629e-02
2.858144645590000033e-01
8.164982256320000298e-01
5.993154926879999955e-01
9.605457316490000341e-01
1.515905162400000006e-01
5.144433265059999982e-01
9.991655612780000473e-01
3.334969736879999855e-03
1.329539085490000043e-02
5.247449374779999953e-02
1.988836850150000057e-01
6.373158593990000398e-01
9.245774190300000139e-01
2.789360610000000129e-01
8.045229394949999779e-01
6.290631172849999730e-01
9.333708470260000389e-01
2.487588357899999936e-01
7.475115096259999925e-01
7.549522104100000464e-01
7.399974816290000312e-01
7.696048352480000521e-01
7.092529312440000178e-01
8.248528430629999963e-01
5.778825214149999612e-01
9.757372514319999635e-01
9.469627039950000158e-02
3.429155470879999834e-01
9.012978986130000258e-01
3.558399862750000198e-01
9.168715617710000432e-01
3.048724039449999812e-01
8.477008850310000510e-01
5.164163781939999920e-01
9.989220101079999692e-01
4.307311319560000289e-03
1.715503355500000091e-02
6.744295351500000091e-02
2.515776061450000212e-01
7.531452569250000062e-01
7.436699155849999521e-01
7.624998889549999825e-01
7.243752331949999679e-01
7.986230189149999825e-01
6.432971702969999539e-01
9.178636839399999525e-01
3.015597665770000102e-01
8.424858950360000209e-01
5.308136468040000056e-01
9.962020766820000039e-01
1.513399638400000045e-02
5.961983415000000203e-02
2.242612381040000047e-01
6.958725407510000238e-01
8.465357911180000361e-01
5.196517818960000312e-01
9.984552298729999498e-01
6.169535247900000303e-03
2.452588833090000101e-02
9.569747653000000576e-02
3.461578780630000240e-01
9.053304060719999935e-01
3.428290476549999966e-01
9.011891669549999540e-01
3.561890092700000232e-01
9.172735957809999841e-01
3.035309850549999799e-01
8.455997046659999850e-01
5.222433765399999706e-01
9.980209288000000400e-01
7.900617906860000692e-03
3.135279257419999743e-02
1.214791798879999996e-01
4.268879549669999940e-01
9.786185154840000289e-01
8.369726654230000285e-02
3.067681364620000184e-01
8.506457876549999853e-01
5.081901263989999640e-01
9.997316873179999952e-01
1.072962760030000094e-03
4.287246043790000037e-03
1.707546226059999950e-02
6.713556339680000484e-02
2.505135180970000097e-01
7.510259813899999859e-01
7.479438266679999670e-01
7.540954352680000472e-01
7.417420391029999616e-01
7.662431461209999739e-01
7.164583485750000147e-01
8.125831333280000290e-01
6.091671390349999715e-01
9.523301430199999640e-01
1.815897668620000127e-01
5.944596937320000274e-01
9.643094650400000356e-01
1.376668826959999981e-01
4.748588484190000014e-01
9.974716899890000432e-01
1.008767063900000045e-02
3.994363816040000237e-02
1.533925757240000021e-01
5.194531737459999743e-01
9.984862961249999502e-01
6.045650303250000267e-03
2.403640166260000155e-02
9.383461223099999471e-02
3.401187111139999941e-01
8.977518938570000495e-01
3.671737237339999793e-01
9.294287213330000297e-01
2.623638931760000070e-01
7.741163229349999897e-01
6.994409660029999865e-01
8.408932043179999649e-01
5.351672929980000326e-01
9.950530460130000421e-01
1.968992653390000055e-02
7.720893330790000453e-02
2.849908557010000232e-01
8.150842714720000215e-01
6.028876074840000543e-01
9.576565609049999539e-01
1.622018890420000026e-01
5.435697449320000540e-01
9.924067093059999456e-01
3.014253052100000080e-02
1.169358334989999970e-01
4.130473773719999797e-01
9.697569656719999820e-01
1.173135728089999968e-01
4.142043937750000127e-01
9.705564558100000516e-01
1.143064875839999994e-01
4.049620579200000070e-01
9.638711582600000272e-01
1.392941941359999991e-01
4.795652864650000180e-01
9.983296899310000194e-01
6.670080533309999567e-03
2.650236223589999898e-02
1.031999481269999935e-01
3.701988753359999884e-01
9.326066721439999485e-01
2.514058688679999820e-01
7.528038318659999728e-01
7.443608903759999507e-01
7.611510210190000070e-01
7.272005768820000160e-01
7.935195914579999954e-01
6.553849977219999845e-01
9.034220099319999475e-01
3.490027276100000075e-01
9.087992949230000450e-01
3.315325458830000183e-01
8.864748676129999838e-01
4.025487068140000124e-01
9.620129818249999465e-01
1.461760185000000045e-01
4.992343604619999820e-01
9.999976551839999672e-01
9.379240438519999737e-06
3.751660987349999995e-05
1.500608095100000041e-04
6.001531650529999930e-04
2.399171924930000067e-03
9.573663596009999652e-03
3.792803424539999829e-02
1.459579938549999956e-01
4.986170315389999996e-01
9.999923495929999850e-01
3.060139411830000111e-05
1.224018306920000051e-04
4.895473939349999706e-04
1.957230949140000009e-03
7.813600784589999279e-03
3.101019370949999882e-02
1.201942463820000057e-01
4.229903580759999948e-01
9.762780602030000088e-01
9.263683747810000368e-02
3.362210152810000130e-01
8.927057766570000163e-01
3.831286919199999863e-01
9.453643893909999818e-01
2.066022426490000119e-01
6.556710239259999629e-01
9.030661292389999817e-01
3.501507818419999918e-01
9.101808472689999485e-01
3.270066901340000221e-01
8.802932589659999696e-01
4.215081487410000105e-01
9.753561171429999677e-01
9.614624757720000026e-02
3.476085866160000259e-01
9.071074285069999910e-01
3.370541666160000172e-01
8.937946215319999554e-01
3.797031842110000222e-01
9.421147044440000284e-01
2.181383524590000123e-01
6.822160465809999907e-01
8.671892494730000234e-01
4.606882202859999831e-01
9.938183359029999497e-01
2.457380450429999877e-02
9.587973054609999490e-02
3.467472312659999889e-01
9.060543555009999972e-01
3.404794415130000251e-01
8.982127656799999693e-01
3.657063729969999843e-01
9.278608869859999997e-01
2.677402455519999891e-01
7.842216258540000151e-01
6.768722695869999750e-01
8.748648010049999701e-01
4.379055238690000018e-01
9.845771041359999698e-01
6.074012058819999726e-02
2.282030333570000125e-01
7.045056356940000430e-01
8.327097798779999893e-01
5.572168094939999872e-01
9.869049468449999640e-01
5.169429095099999788e-02
1.960879649360000032e-01
6.305498997730000221e-01
9.318268946769999728e-01
2.541021321360000251e-01
7.581369543189999671e-01
7.334612512589999689e-01
7.819833766420000165e-01
6.819415011889999878e-01
8.675891605800000184e-01
4.595128360969999992e-01
9.934431582360000457e-01
2.605539835900000031e-02
1.015060583009999989e-01
3.648103137179999900e-01
9.268949948920000015e-01
2.710426533449999953e-01
7.903141336510000059e-01
6.628708152109999974e-01
8.938923902099999985e-01
3.793951397370000089e-01
9.418178707240000280e-01
2.191878764350000119e-01
6.845782050349999981e-01
8.637235449040000512e-01
4.708207315299999807e-01
9.965942811660000178e-01
1.357647965189999993e-02
5.356863540879999719e-02
2.027961468370000075e-01
6.466794786599999734e-01
9.139405221599999907e-01
3.146129764560000042e-01
8.625266060049999739e-01
4.742978397529999945e-01
9.973575958350000548e-01
1.054168746270000082e-02
4.172224115249999893e-02
1.599259829830000090e-01
5.373986517990000378e-01
9.944053633739999842e-01
2.225334666670000100e-02
8.703254091539999737e-02
3.178315109489999735e-01
8.672585663870000516e-01
4.604845816600000030e-01
9.937541268539999972e-01
2.482744885970000065e-02
9.684418657120000273e-02
3.498615603940000152e-01
9.098337958109999901e-01
3.281450392449999920e-01
8.818634898549999601e-01
4.167211004629999826e-01
9.722584995680000342e-01
1.078876383440000031e-01
3.849915833470000104e-01
9.470922563960000318e-01
2.004340570829999946e-01
6.410409833769999954e-01
9.204297640320000529e-01
2.929552540650000036e-01
8.285298927219999499e-01
5.682724383520000311e-01
9.813554966459999696e-01
7.318754339560000488e-02
2.713245075490000047e-01
7.908300766100000434e-01
6.616714661570000100e-01
8.954493481230000329e-01
3.744792522779999966e-01
9.369781675649999642e-01
2.362003242859999907e-01
7.216389243740000126e-01
8.035047488100000024e-01
6.315394697989999973e-01
9.307894715400000241e-01
2.576817248420000261e-01
7.651274140980000027e-01
7.188298171750000520e-01
8.084540444600000209e-01
6.194244098250000219e-01
9.429512413520000358e-01
2.151767911390000121e-01
6.755029587749999953e-01
8.767948458440000259e-01
4.321025765809999863e-01
9.815597595720000346e-01
7.240079184309999860e-02
2.686356687340000216e-01
7.858821848720000114e-01
6.730855054919999692e-01
8.801656311550000167e-01
4.218963715549999827e-01
9.755992928950000254e-01
9.522125039209999864e-02
3.446166554639999990e-01
9.034240649629999842e-01
3.489960952360000035e-01
9.087912829840000262e-01
3.315587478249999998e-01
8.865101782630000482e-01
4.024395283969999793e-01
9.619278175230000505e-01
1.464907655949999887e-01
5.001248847620000104e-01
9.999999376149999453e-01
2.495392439109999788e-07
9.981567265629998981e-07
3.992622920990000070e-06
1.597042791979999866e-05
6.388069146090000357e-05
2.555064428730000081e-04
1.021764637320000035e-03
4.082882537390000038e-03
1.626485043030000133e-02
6.400122028309999933e-02
2.396202563419999876e-01
7.288095563690000223e-01
7.905847476559999532e-01
6.622420177179999534e-01
8.947101107470000203e-01
3.768157138970000264e-01
9.393025266290000452e-01
2.280531603890000036e-01
7.041796657029999462e-01
8.332426564539999747e-01
5.557973276769999638e-01
9.875466328959999762e-01
4.919312300610000077e-02
1.870926386200000013e-01
6.083559327769999525e-01
9.530359673279999999e-01
1.790336492269999913e-01
5.879224066860000431e-01
9.690786016100000344e-01
1.198610620470000054e-01
4.219775514069999955e-01
9.756499900620000387e-01
9.502834781589999946e-02
3.439918437089999892e-01
9.026458206830000330e-01
3.515053723459999890e-01
9.117973822320000199e-01
3.216916639469999950e-01
8.728245491760000530e-01
4.440074221249999953e-01
9.874593248919999455e-01
4.953362630409999939e-02
1.883201846770000132e-01
6.114227708810000550e-01
9.503398645170000325e-01
1.887760257070000003e-01
6.125585513010000094e-01
9.493222901160000005e-01
1.924379184209999982e-01
6.216222638989999938e-01
9.408320996969999905e-01
2.226682395079999932e-01
6.923483784899999716e-01
8.520084051699999828e-01
5.043603307599999752e-01
9.999239500630000554e-01
3.041766150040000065e-04
1.216336366359999999e-03
4.859427568820000147e-03
1.934325413010000091e-02
7.587637059910000425e-02
2.804765879350000213e-01
8.072378862219999895e-01
6.224195250799999801e-01
9.400538395169999450e-01
2.254104733070000088e-01
6.984023673220000061e-01
8.425460025640000294e-01
5.306489445099999980e-01
9.962425688020000170e-01
1.497325163660000007e-02
5.899621348800000026e-02
2.220626411280000045e-01
6.910032981739999691e-01
8.540709603470000300e-01
4.985350201570000195e-01
9.999914153360000002e-01
3.433836025670000284e-05
1.373487245350000032e-04
5.493194394510000477e-04
2.196070750420000064e-03
8.764992094720000168e-03
3.475266803319999875e-02
1.341796803910000058e-01
4.647019750449999931e-01
9.950161977370000077e-01
1.983585591189999942e-02
7.776957892850000498e-02
2.868858860869999972e-01
8.183294978049999724e-01
5.946653233090000157e-01
9.641539062509999480e-01
1.382446052480000021e-01
4.765321374720000169e-01
9.977970377129999902e-01
8.792436975049999770e-03
3.486052010840000326e-02
1.345810569850000027e-01
4.658759843420000046e-01
9.953422062210000032e-01
1.854439494260000029e-02
7.280200143510000277e-02
2.700074800889999960e-01
7.884137631390000234e-01
6.672700049280000378e-01
8.880829818059999825e-01
3.975663969309999879e-01
9.580294278490000259e-01
1.608361728970000015e-01
5.398715935379999609e-01
9.936410241149999933e-01
2.527415724300000055e-02
9.854149687469999919e-02
3.553242810739999924e-01
9.162757454130000534e-01
3.068580151249999943e-01
8.507846947139999783e-01
5.078003918169999853e-01
9.997566155499999496e-01
9.733008559840000120e-04
3.889414165709999868e-03
1.549714649260000056e-02
6.102793977289999727e-02
2.292141213599999949e-01
7.067000317160000433e-01
8.291003875539999513e-01
5.667717396470000057e-01
9.821661391379999939e-01
7.006325707390000102e-02
2.606175883280000272e-01
7.707842439290000236e-01
7.067035729589999926e-01
8.290945317040000484e-01
5.667871568110000036e-01
9.821579027410000107e-01
7.009502729909999896e-02
2.607268577879999771e-01
7.709934536639999614e-01
7.062501922839999891e-01
8.298434327310000302e-01
5.648132395380000004e-01
9.831969759230000383e-01
6.608272983709999326e-02
2.468632106170000062e-01
7.436870634440000405e-01
7.624664604399999934e-01
7.244454285770000057e-01
7.984969983630000323e-01
6.435981678719999710e-01
9.175182647349999776e-01
3.027139944500000235e-01
8.443129280560000005e-01
5.257944302929999925e-01
9.973385894630000248e-01
1.061730972199999984e-02
4.201832982499999897e-02
1.610111591349999982e-01
5.403462630759999774e-01
9.934887162229999458e-01
2.587554784140000050e-02
1.008240154610000050e-01
3.626341334700000085e-01
9.245224748500000533e-01
2.791226733900000201e-01
8.048528263590000176e-01
6.282590170449999789e-01
9.341984981869999594e-01
2.458866566890000049e-01
7.417056350049999747e-01
7.663135440280000044e-01
7.163083850700000532e-01
8.128427301939999960e-01
6.085177046590000138e-01
9.528956311020000403e-01
1.795421893159999949e-01
5.892271662850000480e-01
9.681540511870000421e-01
1.233271374290000055e-01
4.324702184109999736e-01
9.817589143939999818e-01
7.163339360629999986e-02
2.660082021069999914e-01
7.809913540749999772e-01
6.841754357389999708e-01
8.643176354810000461e-01
4.690906419109999725e-01
9.961784463299999670e-01
1.522779758980000002e-02
5.998364708139999890e-02
2.255424366569999950e-01
6.986921836949999687e-01
8.420856645540000240e-01
5.319095924269999776e-01
9.959271116440000515e-01
1.622519974389999980e-02
6.384777054849999356e-02
2.390849309779999876e-01
7.276933070290000360e-01
7.926230317369999945e-01
6.574870451890000300e-01
9.007913223910000156e-01
3.574652635850000260e-01
9.187353956610000427e-01
2.986426736839999929e-01
8.378209085550000212e-01
5.435081349710000342e-01
9.924281687649999517e-01
3.005799442550000089e-02
1.166180455869999938e-01
4.120731081210000091e-01
9.690754467379999459e-01
1.198729010710000015e-01
4.220135546400000104e-01
9.756724573609999451e-01
9.494285323420000033e-02
3.437148314160000107e-01
9.022997843229999537e-01
3.526195341360000013e-01
9.131159931269999808e-01
3.173407048899999916e-01
8.665423276400000541e-01
4.625868881920000009e-01
9.944010362590000041e-01
2.227046138269999850e-02
8.709795172999999779e-02
3.180475941379999893e-01
8.675732880040000206e-01
4.595595117849999856e-01
9.934582676519999600e-01
2.599575234500000123e-02
1.012798928199999948e-01
3.640891045219999955e-01
9.261129139620000172e-01
2.737111382210000166e-01
7.951734041379999729e-01
6.514906459579999920e-01
9.082023367489999721e-01
3.334834090889999825e-01
8.890888998060000326e-01
3.944393121920000134e-01
9.554277647579999533e-01
1.703422043499999983e-01
5.653029510689999704e-01
9.829420983269999690e-01
6.706771865529999321e-02
2.502785590789999848e-01
7.505568077769999569e-01
7.488851443070000391e-01
7.522247397739999508e-01
7.455307225839999941e-01
7.588586570690000199e-01
7.319687826420000487e-01
7.847619355189999757e-01
6.756425603190000517e-01
8.765987640190000540e-01
4.326934837579999860e-01
9.818793314860000399e-01
7.116923954810000508e-02
2.644167155609999931e-01
7.780020643720000351e-01
6.908594088210000539e-01
8.542907442589999789e-01
4.979122741309999767e-01
9.999825656030000287e-01
6.973637303699999643e-05
2.789260395009999973e-04
1.115392959060000026e-03
4.456595430440000311e-03
1.774693675040000043e-02
6.972793194559999408e-02
2.594637898089999783e-01
7.685693263480000148e-01
7.114820677809999827e-01
8.211013400290000375e-01
5.875757177270000131e-01
9.693219746579999629e-01
1.189475364119999962e-01
4.191960799739999910e-01
9.738829060329999843e-01
1.017399654769999967e-01
3.655557796080000088e-01
9.276990064119999824e-01
2.682942396549999886e-01
7.852497624919999586e-01
6.745302919929999641e-01
8.781567087070000222e-01
4.279900146389999938e-01
9.792582480339999673e-01
8.124612676740000650e-02
2.985807746110000216e-01
8.377211825739999673e-01
5.437776113619999796e-01
9.923340829740000535e-01
3.042860296979999976e-02
1.180108123640000034e-01
4.163370421179999892e-01
9.720020379129999943e-01
1.088563048219999968e-01
3.880264388910000251e-01
9.498476864499999506e-01
1.905482359810000137e-01
6.169584229829999655e-01
9.452829091729999522e-01
2.068925231919999941e-01
6.563520281579999782e-01
9.022161731640000459e-01
3.528886001809999895e-01
9.134329441730000276e-01
3.162928026890000077e-01
8.650066626239999446e-01
4.670805449600000103e-01
9.956652379189999680e-01
1.726388767310000141e-02
6.786338342190000039e-02
2.530317784500000222e-01
7.560267901770000298e-01
7.378011308459999640e-01
7.738024886740000330e-01
7.001287887839999780e-01
8.397938715989999858e-01
5.381604992949999833e-01
9.941751051739999845e-01
2.316386170430000113e-02
9.050918886099999783e-02
3.292691023709999887e-01
8.834038423790000483e-01
4.120059745949999908e-01
9.690282059720000118e-01
1.200501680089999940e-01
4.225525006799999983e-01
9.760075393970000235e-01
9.366728975070000296e-02
3.395749143260000102e-01
8.970551675460000096e-01
3.693887757000000049e-01
9.317628323479999475e-01
2.543234264120000088e-01
7.585720847600000427e-01
7.325619079309999560e-01
7.836598359169999473e-01
6.781483899489999523e-01
8.730526046340000290e-01
4.433270167039999876e-01
9.871526918570000531e-01
5.072901926440000209e-02
1.926223434750000130e-01
6.220759050780000354e-01
9.403898935979999596e-01
2.242269664679999996e-01
6.957969359069999804e-01
8.466542395580000102e-01
5.193233527859999477e-01
9.985064321479999450e-01
5.965348426490000092e-03
2.371905217860000026e-02
9.262583496930000548e-02
3.361851586619999943e-01
8.926587910300000095e-01
3.832762953080000035e-01
9.455023070520000017e-01
2.061107776459999985e-01
6.545164999370000070e-01
9.044986049890000324e-01
3.455235142470000076e-01
9.045480613969999473e-01
3.453634640789999821e-01
9.043501670339999521e-01
3.460037696789999839e-01
9.051406441879999987e-01
3.434442337070000018e-01
9.019611681620000043e-01
3.537088771599999903e-01
9.143956295130000189e-01
3.131050489609999987e-01
8.602811091049999970e-01
4.807900896899999776e-01
9.985239173829999482e-01
5.895615186569999784e-03
2.344342763259999948e-02
9.157533333360000360e-02
3.327571666340000123e-01
8.881193387510000203e-01
3.974535155510000028e-01
9.579368741089999695e-01
1.611752773269999883e-01
5.407912292209999805e-01
9.933443024750000516e-01
2.644559686339999910e-02
1.029849090800000061e-01
3.695160703270000124e-01
9.318957763880000300e-01
2.538641533520000215e-01
7.576685799789999454e-01
7.344276115660000048e-01
7.801747797420000019e-01
6.860083711850000210e-01
8.616035433959999823e-01
4.769715096139999777e-01
9.978787545220000332e-01
8.466983181910000059e-03
3.358117351079999841e-02
1.298139131859999962e-01
4.518490445169999759e-01
9.907259419439999881e-01
3.675219961170000244e-02
1.416059017419999955e-01
4.862146813339999762e-01
9.992398599570000428e-01
3.038248920020000191e-03
1.211607185409999989e-02
4.787709062759999690e-02
1.823394992830000005e-01
5.963672251360000454e-01
9.628534316789999492e-01
1.430668031329999923e-01
4.903947718980000148e-01
9.996309583720000003e-01
1.475621743250000052e-03
5.893777134890000428e-03
2.343616210389999968e-02
9.154763363890000560e-02
3.326666576560000088e-01
8.879982101600000233e-01
3.978295556499999996e-01
9.582448012049999964e-01
1.600468086730000017e-01
5.377273108269999824e-01
9.943066000710000241e-01
2.264394050500000144e-02
8.852476985359999939e-02
3.227525399039999909e-01
8.743333515579999604e-01
4.394981676460000264e-01
9.853581131269999460e-01
5.771000808610000227e-02
2.175182522109999905e-01
6.808162486640000344e-01
8.692219368760000231e-01
4.547006453190000075e-01
9.917918738619999619e-01
3.256301121360000161e-02
1.260106460569999920e-01
4.405278525499999875e-01
9.858522547110000200e-01
5.579034637000000046e-02
2.107111344879999959e-01
6.652478091629999701e-01
8.907726462680000123e-01
3.891869557150000047e-01
9.508818768650000308e-01
1.868221324580000009e-01
6.076784931269999523e-01
9.536213684709999860e-01
1.769106162640000091e-01
5.824530004689999485e-01
9.728060108549999585e-01
1.058179043990000040e-01
3.784819020310000171e-01
9.409334074640000045e-01
2.223109207279999888e-01
6.915551010120000175e-01
8.532265731039999634e-01
5.009239522120000343e-01
9.999965852490000362e-01
1.365895638959999927e-05
5.463507929019999698e-05
2.185283771930000114e-04
8.739224901670000463e-04
3.492634998589999856e-03
1.392174599740000039e-02
5.491172394330000317e-02
2.075857060669999976e-01
6.579755228160000247e-01
9.001749367639999555e-01
3.594400799420000014e-01
9.209716354939999627e-01
2.911315284400000092e-01
8.254958463520000178e-01
5.762098160309999662e-01
9.767682557619999928e-01
9.076812118919999617e-02
3.301170774600000191e-01
8.845591705169999486e-01
4.084569774849999835e-01
9.664795001160000343e-01
1.295875038879999996e-01
4.511783308960000127e-01
9.904657785029999939e-01
3.777328046790000282e-02
1.453858390030000058e-01
4.969951872799999726e-01
9.999638844020000139e-01
1.444571743509999895e-04
5.777452259049999529e-04
2.309645745430000206e-03
9.217245127859999276e-03
3.652915008049999884e-02
1.407790850990000009e-01
4.838413371920000094e-01
9.989555904650000429e-01
4.173274974770000215e-03
1.662343500299999846e-02
6.538838564679999577e-02
2.444509786769999971e-01
7.387787908039999962e-01
7.719387562489999910e-01
7.041972513990000238e-01
8.332139300840000207e-01
5.558739071930000053e-01
9.875124259799999971e-01
4.932653806020000087e-02
1.875737228129999989e-01
6.095592852910000081e-01
9.519870520259999802e-01
1.828308192039999891e-01
5.976148430130000522e-01
9.618853696939999587e-01
1.466476210490000043e-01
5.005683851600000178e-01
9.999987077530000379e-01
5.168980354349999593e-06
2.067581454399999971e-05
8.270154821859999862e-05
3.307788346900000028e-04
1.322677680210000055e-03
5.283712815859999655e-03
2.102318077899999887e-02
8.232482659560000360e-02
3.021897980859999944e-01
8.434844960749999787e-01
5.280736038229999485e-01
9.968474910739999473e-01
1.257028245580000050e-02
4.964908181930000053e-02
1.887362019749999897e-01
6.124593921559999821e-01
9.494115404630000254e-01
1.921170691930000063e-01
6.208324036719999883e-01
9.415981208920000123e-01
2.199643984999999913e-01
6.863202475709999639e-01
8.611390613810000483e-01
4.783143133800000224e-01
9.981189239829999504e-01
7.510150279250000019e-03
2.981499168809999961e-02
1.157042318350000043e-01
4.092670502820000000e-01
9.670701273420000410e-01
1.273819845789999905e-01
4.446232583349999934e-01
9.877336659300000044e-01
4.846348447360000061e-02
1.844591005850000076e-01
6.017357631849999944e-01
9.585993379560000527e-01
1.587465889040000078e-01
5.341844376619999668e-01
9.953256968870000110e-01
1.860981601340000111e-02
7.305396304529999940e-02
2.708683261150000021e-01
7.899947040900000550e-01
6.636122863979999620e-01
8.929240789579999671e-01
3.824426726990000081e-01
9.447210991919999801e-01
2.088925757350000023e-01
6.610258701519999835e-01
8.962826765670000029e-01
3.718401610120000145e-01
9.343002226819999700e-01
2.455332663139999927e-01
7.409867257890000447e-01
7.677015919740000083e-01
7.133434306189999630e-01
8.179383224459999546e-01
5.956608924799999816e-01
9.633959745989999490e-01
1.410566829000000078e-01
4.846387804380000164e-01
9.990561317339999858e-01
3.771909513560000021e-03
1.503072884869999931e-02
5.921922415599999850e-02
2.228492305850000021e-01
6.927498040520000400e-01
8.513900521520000320e-01
5.061001249940000335e-01
9.998511539000000115e-01
5.952957783830000078e-04
2.379765605279999998e-03
9.496409283760000666e-03
3.762490997790000208e-02
1.448371045079999975e-01
4.954372706640000068e-01
9.999167260039999450e-01
3.330682457369999795e-04
1.331829245119999904e-03
5.320221903940000087e-03
2.116766857130000096e-02
8.287839351430000001e-02
3.040382616110000047e-01
8.463959883499999615e-01
5.200392770189999903e-01
9.983937095060000377e-01
6.414841298580000253e-03
2.549476443879999943e-02
9.937912569989999778e-02
3.580116602999999786e-01
9.193572455570000468e-01
2.965580023950000199e-01
8.344454144420000441e-01
5.525850590349999925e-01
9.889392462649999604e-01
4.375365384680000164e-02
1.673570864870000119e-01
5.573947683590000368e-01
9.868233622600000032e-01
5.201205583170000202e-02
1.972272075189999974e-01
6.333145445340000457e-01
9.289089288630000274e-01
2.641485229669999768e-01
7.774963231260000329e-01
6.919831626069999908e-01
8.525698611009999706e-01
5.027779721720000428e-01
9.999691314819999510e-01
1.234702587729999987e-04
4.938200554729999577e-04
1.974304788900000090e-03
7.881627638009999423e-03
3.127803033510000164e-02
1.211988606139999952e-01
4.260387871990000130e-01
9.781189560040000064e-01
8.560905563739999724e-02
3.131205809209999802e-01
8.603043308990000471e-01
4.807231565419999852e-01
9.985136132249999852e-01
5.936709716620000403e-03
2.360586077740000135e-02
9.219449645760000034e-02
3.347786851219999860e-01
8.908076684400000333e-01
3.890774651539999907e-01
9.507847650540000028e-01
1.871723823820000132e-01
6.085555266219999648e-01
9.528627905590000280e-01
1.796611717080000004e-01
5.895321403550000117e-01
9.679359833739999974e-01
1.241436618559999955e-01
4.349280523090000017e-01
9.830625664950000120e-01
6.660222740629999361e-02
2.486654828429999964e-01
7.473238419419999667e-01
7.553236688279999500e-01
7.392392965449999798e-01
7.710582359540000263e-01
7.061097308860000421e-01
8.300751153359999801e-01
5.642016729430000543e-01
9.835125807650000329e-01
6.486233696729999665e-02
2.426208568419999934e-01
7.350239066679999933e-01
7.790550531779999455e-01
6.885131091839999939e-01
8.578512306629999529e-01
4.877699868529999927e-01
9.994017071140000041e-01
2.391739727810000132e-03
9.544077235520000840e-03
3.781195130099999913e-02
1.455288305590000109e-01
4.974007601409999868e-01
9.999729758090000198e-01
1.080938442859999957e-04
4.323286400260000243e-04
1.728566927890000035e-03
6.902315937069999734e-03
2.741869588710000097e-02
1.066676440120000041e-01
3.811586309309999976e-01
9.435069159910000058e-01
2.132064618710000081e-01
6.709978659499999942e-01
8.830389193619999633e-01
4.131247450150000167e-01
9.698107602850000175e-01
1.171113980819999956e-01
4.135852740839999764e-01
9.701299805790000175e-01
1.159112054419999954e-01
4.099031915810000259e-01
9.675302604509999904e-01
1.256618222499999993e-01
4.394837147169999847e-01
9.853511168620000538e-01
5.773717344309999694e-02
2.176143689839999951e-01
6.810334215819999759e-01
8.689076010809999584e-01
4.556287274590000158e-01
9.921247606919999518e-01
3.125287965410000063e-02
1.211045486700000062e-01
4.257529478450000071e-01
9.779495009849999976e-01
8.625709803309999923e-02
3.152672442880000148e-01
8.634952358680000328e-01
4.714848540039999758e-01
9.967475457950000228e-01
1.296750298539999999e-02
5.119738740680000039e-02
1.943048597179999892e-01
6.262019248319999898e-01
9.362922966750000242e-01
2.385961274489999950e-01
7.266720616609999572e-01
7.944791058500000336e-01
6.531282248719999517e-01
9.062069869909999964e-01
3.399835348799999934e-01
8.975789235619999751e-01
3.677239981579999983e-01
9.300122373460000258e-01
2.603579029290000180e-01
7.702866612459999818e-01
7.077804830099999611e-01
8.273090835209999661e-01
5.714750553780000297e-01
9.795652658350000319e-01
8.006862321980000308e-02
2.946305551819999868e-01
8.312935645400000295e-01
5.609782963770000297e-01
9.851265894840000037e-01
5.860876870299999708e-02
2.206951237360000040e-01
6.879551443810000277e-01
8.586914548020000426e-01
4.853617610070000143e-01
9.991428878370000044e-01
3.425510087940000000e-03
1.365510387430000049e-02
5.387456805000000182e-02
2.038883958699999888e-01
6.492716715980000330e-01
9.108718722340000129e-01
3.247372184289999963e-01
8.771318295840000445e-01
4.310863324579999878e-01
9.810036257040000152e-01
7.454204823929999613e-02
2.759421251340000159e-01
7.991922748430000389e-01
6.419359306980000346e-01
9.194167663079999553e-01
2.963583045589999743e-01
8.341202395110000056e-01
5.534546621970000135e-01
9.885703963580000364e-01
4.519587121129999691e-02
1.726128177469999914e-01
5.712705315860000521e-01
9.796820453100000270e-01
7.962054162930000401e-02
2.931244439199999774e-01
8.288100171860000032e-01
5.675358903930000087e-01
9.817556140350000016e-01
7.164611338119999950e-02
2.660517912740000268e-01
7.810729425360000144e-01
6.839920038960000115e-01
8.645877700090000006e-01
4.683030318390000168e-01
9.959812088380000095e-01
1.601056191969999973e-02
6.301689530699999819e-02
2.361830648509999908e-01
7.216024989149999458e-01
8.035693298980000066e-01
6.313826477809999504e-01
9.309543994479999585e-01
2.571132223859999844e-01
7.640240530409999620e-01
7.211651976630000238e-01
8.043438213710000229e-01
6.294993535730000200e-01
9.329196696970000202e-01
2.503222383570000154e-01
7.506440613639999704e-01
7.487102180119999950e-01
7.525729098269999806e-01
7.448277008870000104e-01
7.602375875129999683e-01
7.291055921810000173e-01
7.900425105260000525e-01
6.635013683499999537e-01
8.930692101899999624e-01
3.819863840020000234e-01
9.442911457560000388e-01
2.104215112099999951e-01
6.645771953200000359e-01
8.916573871230000226e-01
3.864179644490000065e-01
9.483964848010000281e-01
1.957623696739999863e-01
6.297578571749999909e-01
9.326515940059999510e-01
2.512503928170000123e-01
7.524945317060000027e-01
7.449860458350000547e-01
7.599273493839999727e-01
7.297510921680000484e-01
7.888577425899999662e-01
6.662448181829999649e-01
8.894506417099999895e-01
3.933127906880000135e-01
9.544713574769999598e-01
1.738231409329999977e-01
5.744346264359999621e-01
9.778379455490000538e-01
8.668359117359999977e-02
3.166781847790000048e-01
8.655724482569999712e-01
4.654271403019999975e-01
9.952188694889999576e-01
1.903308520740000162e-02
7.468330749969999405e-02
2.764228443219999831e-01
8.000530218370000002e-01
6.398727363470000373e-01
9.217424705069999780e-01
2.885331542810000149e-01
8.211270926470000120e-01
5.875095614709999747e-01
9.693683066039999741e-01
1.187735710219999935e-01
4.186656393939999776e-01
9.735388871390000531e-01
1.030436894689999994e-01
3.697027501169999897e-01
9.320905066919999982e-01
2.531911761069999822e-01
7.563416177949999764e-01
7.371558999449999705e-01
7.750283164860000129e-01
6.974377005240000038e-01
8.440734176469999461e-01
5.264539330749999912e-01
9.972007576989999622e-01
1.116562617240000020e-02
4.416381985819999717e-02
1.688535074949999992e-01
5.613680020069999888e-01
9.849358733190000104e-01
5.934879507429999951e-02
2.233060623900000041e-01
6.937618595600000271e-01
8.498253671200000081e-01
5.104888500769999560e-01
9.995599360960000235e-01
1.759480990109999962e-03
7.025540867030000136e-03
2.790473057020000092e-02
1.085042263279999974e-01
3.869242367879999756e-01
9.488554870959999832e-01
1.941150068149999908e-01
6.257374837760000252e-01
9.367603406950000267e-01
2.369616191849999998e-01
7.232432408729999596e-01
8.006498216180000238e-01
6.384387390450000366e-01
9.233388621260000262e-01
2.831368312549999988e-01
8.118814641679999999e-01
6.109198092349999998e-01
9.507871836779999697e-01
1.871636601280000090e-01
6.085336978230000415e-01
9.528817457479999975e-01
1.795924974750000014e-01
5.893561293019999869e-01
9.680619286249999567e-01
1.236721238880000018e-01
4.335093186439999968e-01
9.823159571709999538e-01
6.948526983199999896e-02
2.586282684330000192e-01
7.669587488019999899e-01
7.149321057519999467e-01
8.152167596680000017e-01
6.025535776979999980e-01
9.579310548060000485e-01
1.611965961790000068e-01
5.408490142359999586e-01
9.933254321440000423e-01
2.652007200120000061e-02
1.032670311290000004e-01
3.704118056430000250e-01
9.328275995329999848e-01
2.506410763299999900e-01
7.512805087439999863e-01
7.474324237010000482e-01
7.551087828070000008e-01
7.396780357390000393e-01
7.702177567360000143e-01
7.079294557769999496e-01
8.270613656799999935e-01
5.721234523170000141e-01
9.791928305029999891e-01
8.149692477639999821e-02
2.994207041140000136e-01
8.390717842470000187e-01
5.401213005110000465e-01
9.935611249810000212e-01
2.558966362890000013e-02
9.973933097720000251e-02
3.591655873340000027e-01
9.206626728360000067e-01
2.921716627309999814e-01
8.272295289119999673e-01
5.716833416330000528e-01
9.794459941290000193e-01
8.052615485340000601e-02
2.961667729520000014e-01
8.338080622039999446e-01
5.542887104300000534e-01
9.882109436789999757e-01
4.660029788719999982e-02
1.777148404960000039e-01
5.845291038540000317e-01
9.714193224070000188e-01
1.110552898469999994e-01
3.948880497750000274e-01
9.558059116799999533e-01
1.689638835120000071e-01
5.616603583220000084e-01
9.847920008470000264e-01
5.990686366049999961e-02
2.252721253870000051e-01
6.980983796430000332e-01
8.430281279310000153e-01
5.293268137929999506e-01
9.965597519709999963e-01
1.371365089039999936e-02
5.410234667859999819e-02
2.047011310500000125e-01
6.511943119869999519e-01
9.085611200909999852e-01
3.323112445990000219e-01
8.875219252479999987e-01
3.993070298090000136e-01
9.594437030169999936e-01
1.556459350330000047e-01
5.256811117620000529e-01
9.973619219949999559e-01
1.052447419889999958e-02
4.165483856689999875e-02
1.596788519629999958e-01
5.367260647960000464e-01
9.946047846579999518e-01
2.146442797259999827e-02
8.401482521769999823e-02
3.078253374450000135e-01
8.522755962879999814e-01
5.036076170400000107e-01
9.999479403969999680e-01
2.082275704840000027e-04
8.327368470519999838e-04
3.328173585580000097e-03
1.326838738470000056e-02
5.236934912349999749e-02
1.985072015840000093e-01
6.364083700120000131e-01
9.255710263630000378e-01
2.755572060829999947e-01
7.985017290350000518e-01
6.435868710530000536e-01
9.175312418450000118e-01
3.026706483320000252e-01
8.442445078820000059e-01
5.259828751730000196e-01
9.972995607910000171e-01
1.077258734869999957e-02
4.262615484210000028e-02
1.632366630619999925e-01
5.463618195780000075e-01
9.914023267420000174e-01
3.409501309110000294e-02
1.317301726940000028e-01
4.575093371830000200e-01
9.927781742939999488e-01
2.867868375940000117e-02
1.114248674289999991e-01
3.960374653889999763e-01
9.567671655889999904e-01
1.654550257590000073e-01
5.523186408400000413e-01
9.890510392829999775e-01
4.331632390580000130e-02
1.657600799560000060e-01
5.531347033969999938e-01
9.887068131799999771e-01
4.466260300699999991e-02
1.706714195980000015e-01
5.661707445229999802e-01
9.824857302770000356e-01
6.883008031520000680e-02
2.563700014359999724e-01
7.625776951989999830e-01
7.242118159360000362e-01
7.989162463790000501e-01
6.425963106040000206e-01
9.186651688089999546e-01
2.988779057040000242e-01
8.381996127440000111e-01
5.424840877580000553e-01
9.927804091499999872e-01
2.866987343370000149e-02
1.113916471640000044e-01
3.959341924249999978e-01
9.566812307750000022e-01
1.657690138310000116e-01
5.531585915390000441e-01
9.886966565820000108e-01
4.470231138130000004e-02
1.708160589540000107e-01
5.665517318299999605e-01
9.822834679619999454e-01
6.961062612290000451e-02
2.590599474149999915e-01
7.677915642410000352e-01
7.131507124860000379e-01
8.182670950660000386e-01
5.948242247930000115e-01
9.640334655700000255e-01
1.386917713249999906e-01
4.778254555670000125e-01
9.980331583170000131e-01
7.851892867890000391e-03
3.116096258510000008e-02
1.207598279840000066e-01
4.247075677159999896e-01
9.773241985630000128e-01
8.864643786530000680e-02
3.231529876759999809e-01
8.749005369290000500e-01
4.377983496419999843e-01
9.845238187710000366e-01
6.094667617470000270e-02
2.289287153519999896e-01
7.060814345570000095e-01
8.301217693239999473e-01
5.640784696749999716e-01
9.835757988969999754e-01
6.461778688579999930e-02
2.417693140149999864e-01
7.332676512629999754e-01
7.823448114969999700e-01
6.811256296829999446e-01
8.687740250869999681e-01
4.560228736840000185e-01
9.922640494440000403e-01
3.070442250030000139e-02
1.190466437569999980e-01
4.194981614680000082e-01
9.740778159720000495e-01
1.010008976130000041e-01
3.631988651779999855e-01
9.251417980460000523e-01
2.770178062179999845e-01
8.011157650250000373e-01
6.373171842129999876e-01
9.245759636789999680e-01
2.789410042630000031e-01
8.045316816149999939e-01
6.290418195710000271e-01
9.333928352070000045e-01
2.486826015639999887e-01
7.473582609729999549e-01
7.552555629139999782e-01
7.393783904049999745e-01
7.707919448290000419e-01
7.066868904640000171e-01
8.291221172420000229e-01
5.667145277689999983e-01
9.821966871380000130e-01
6.994541965139999817e-02
2.602122316850000172e-01
7.700073046659999809e-01
7.083842217089999505e-01
8.263040645710000298e-01
5.741026297769999953e-01
9.780352010409999464e-01
8.592938626460000506e-02
3.141821073630000072e-01
8.618868431039999889e-01
4.761516511530000106e-01
9.977250250289999567e-01
9.079197839339999201e-03
3.598706402369999946e-02
1.387679809869999947e-01
4.780457137590000127e-01
9.980720372629999781e-01
7.696982788690000243e-03
3.055095697850000042e-02
1.184703840250000001e-01
4.177406085359999799e-01
9.729335700640000528e-01
1.053353532269999948e-01
3.769592663499999885e-01
9.394439114520000134e-01
2.275561947530000129e-01
7.030974919289999514e-01
8.350056350879999645e-01
5.510848978379999652e-01
9.895613328519999863e-01
4.131880550590000256e-02
1.584462472700000069e-01
5.333641359840000096e-01
9.955473377200000362e-01
1.773134431359999971e-02
6.966777496980000595e-02
2.592567044019999933e-01
7.681706624990000121e-01
7.123379830999999607e-01
8.196503237319999746e-01
5.912946821519999840e-01
9.666611240429999752e-01
1.289095812280000031e-01
4.491676043810000074e-01
9.896642702229999644e-01
4.091560986969999814e-02
1.569660909549999983e-01
5.293109489809999513e-01
9.965634730789999507e-01
1.369886881329999972e-02
5.404483922600000073e-02
2.044959783159999989e-01
6.507094926740000229e-01
9.091465952709999465e-01
3.303962543119999817e-01
8.849382777940000278e-01
4.072900891549999791e-01
9.656194897250000020e-01
1.327939631539999943e-01
4.606389060159999937e-01
9.938028171220000262e-01
2.463511121109999980e-02
9.611289002700000583e-02
3.475008095909999928e-01
9.069759876980000302e-01
3.374821817490000209e-01
8.943518350039999509e-01
3.779465209169999840e-01
9.404117929749999938e-01
2.241498104330000019e-01
6.956266916640000408e-01
8.469207900349999818e-01
5.185838617660000205e-01
9.986185603270000266e-01
5.518125188099999578e-03
2.195070193000000017e-02
8.587547445929999412e-02
3.140035093829999790e-01
8.616212219119999682e-01
4.769203674510000268e-01
9.978693222460000012e-01
8.504551866959999401e-03
3.372889785799999818e-02
1.303650372290000026e-01
4.534799771899999943e-01
9.913435499110000437e-01
3.432606384359999929e-02
1.325911407379999907e-01
4.600429205450000114e-01
9.936137272060000525e-01
2.538195325699999991e-02
9.895083882329999692e-02
3.566382812780000133e-01
9.177896704200000366e-01
3.018071651609999795e-01
8.428784008740000111e-01
5.297376088570000530e-01
9.964626984779999530e-01
1.409915608009999939e-02
5.560147951169999714e-02
2.100398199509999897e-01
6.636923759439999904e-01
8.928192242310000193e-01
3.827722282980000057e-01
9.450305981669999689e-01
2.077910667819999890e-01
6.584557573889999738e-01
8.995670918010000294e-01
3.613845566000000176e-01
9.231430354040000008e-01
2.837998863549999751e-01
8.130300434399999610e-01
6.080487676160000188e-01
9.533018552669999535e-01
1.780697120480000117e-01
5.854435587959999632e-01
9.707975930409999954e-01
1.133985055460000058e-01
4.021571379450000205e-01
9.617070973789999533e-01
1.473062249179999950e-01
5.024284040750000013e-01
9.999764114150000438e-01
9.435211591490000034e-05
3.773728543720000187e-04
1.508921776399999937e-03
6.026579725910000303e-03
2.396104025090000159e-02
9.354763520389999809e-02
3.391859006060000126e-01
8.965553017449999773e-01
3.709755706319999846e-01
9.334107865049999786e-01
2.486203605650000037e-01
7.472331075110000276e-01
7.555031622019999782e-01
7.388725364199999479e-01
7.717596453780000143e-01
7.045867805769999714e-01
8.325769968520000397e-01
5.575701646580000226e-01
9.867427045650000172e-01
5.232615821159999903e-02
1.983525255140000110e-01
6.360352045439999769e-01
9.259776924989999713e-01
2.741720219730000019e-01
7.960068973610000542e-01
6.495196668589999778e-01
9.105754768889999795e-01
3.257111111089999733e-01
8.784935328370000462e-01
4.269705824019999763e-01
9.786668166609999719e-01
8.351231451070000034e-02
3.061520313430000084e-01
8.496918601899999812e-01
5.108624116669999715e-01
9.995280320510000482e-01
1.886980780590000097e-03
7.533680336499999804e-03
2.990769598829999890e-02
1.160529028360000048e-01
4.103385063169999736e-01
9.678432662020000077e-01
1.244907130760000008e-01
4.359711017349999773e-01
9.836012007479999486e-01
6.451951454029999922e-02
2.414269871349999930e-01
7.325599880719999568e-01
7.836634077920000552e-01
6.781402843189999752e-01
8.730641564109999919e-01
4.432925408050000238e-01
9.871370562869999921e-01
5.078995356959999791e-02
1.928413367440000026e-01
6.226142223470000348e-01
9.398630099129999804e-01
2.260821300410000012e-01
6.998760020680000471e-01
8.401983351890000007e-01
5.370603709390000535e-01
9.945061156229999533e-01
2.185480644390000102e-02
8.550869551680000125e-02
3.127878340310000227e-01
8.598064196529999759e-01
4.821573615049999928e-01
9.987265610059999910e-01
5.087269387739999996e-03
2.024555631170000050e-02
7.934269504520000127e-02
2.921897271530000118e-01
8.272595619960000368e-01
5.716047163280000287e-01
9.794910583979999918e-01
8.035329966460000306e-02
2.955865875900000050e-01
8.328606273080000344e-01
5.568152111519999448e-01
9.870881271270000035e-01
5.098062564719999662e-02
1.935264058229999862e-01
6.242957442890000319e-01
9.382022718060000210e-01
2.319150759349999924e-01
7.125218939570000520e-01
8.193377783559999683e-01
5.920935332590000488e-01
9.660751245280000399e-01
1.310959131849999959e-01
4.556390989260000191e-01
9.921284418239999514e-01
3.123838699310000147e-02
1.210502006849999979e-01
4.255881983959999837e-01
9.778515351280000489e-01
8.663164150289999477e-02
3.165064007739999963e-01
8.653203961719999615e-01
4.661640325629999859e-01
9.954205092300000279e-01
1.823407613519999887e-02
7.160637841080000343e-02
2.659156199270000243e-01
7.808180120230000520e-01
6.845649764940000548e-01
8.637430778079999705e-01
4.707638933880000098e-01
9.965810002810000512e-01
1.362924064049999932e-02
5.377393776029999739e-02
2.035292055119999888e-01
6.484202720630000139e-01
9.118856913630000172e-01
3.214007090029999958e-01
8.724091730209999618e-01
4.452456313989999748e-01
9.880078364759999898e-01
4.739340615070000012e-02
1.805890848160000006e-01
5.919066690469999559e-01
9.662126567390000309e-01
1.305830347849999962e-01
4.541244232459999974e-01
9.915817258300000381e-01
3.338962732069999939e-02
1.290990404319999896e-01
4.497299127669999730e-01
9.898916733179999872e-01
4.002459365299999849e-02
1.536905022239999918e-01
5.202789270000000021e-01
9.983550604790000227e-01
6.568934780079999959e-03
2.610313550370000138e-02
1.016870472819999954e-01
3.653871667899999953e-01
9.275175405400000184e-01
2.689150101219999756e-01
7.863989098120000021e-01
6.719026578350000278e-01
8.817979049170000527e-01
4.169214392030000105e-01
9.723918109429999790e-01
1.073839078149999987e-01
3.834104166289999949e-01
9.456274761970000498e-01
2.056646098319999949e-01
6.534667123780000253e-01
9.057918727679999948e-01
3.413318239820000155e-01
8.992976396770000491e-01
3.622455797940000166e-01
9.240948788549999682e-01
2.805741349149999952e-01
8.074091589270000480e-01
6.219984360310000238e-01
9.404655264240000534e-01
2.239604801279999891e-01
6.952087338750000400e-01
8.475742008750000167e-01
5.167686995429999763e-01
9.988752428630000013e-01
4.493968235409999748e-03
1.789508993960000141e-02
7.029942278280000567e-02
2.614296557570000012e-01
7.723367633909999919e-01
7.033307492239999625e-01
8.346264256800000059e-01
5.521006209450000091e-01
9.891421011879999448e-01
4.296001937999999881e-02
1.644578244600000128e-01
5.496457937340000210e-01
9.901411806580000530e-01
3.904649209270000254e-02
1.500874541920000083e-01
5.102448411440000386e-01
9.995801729200000096e-01
1.678603302020000021e-03
6.703142371899999986e-03
2.663284101699999948e-02
1.036941311849999964e-01
3.717666333719999994e-01
9.342248147330000085e-01
2.457952410789999986e-01
7.415197621689999519e-01
7.666728179280000166e-01
7.155424327129999984e-01
8.141658388000000413e-01
6.051993029240000377e-01
9.557324266569999782e-01
1.692318211730000077e-01
5.623696475010000473e-01
9.844401082829999927e-01
6.127112594890000291e-02
2.300679002949999885e-01
7.085466461960000517e-01
8.260331854410000174e-01
5.748094479649999977e-01
9.776141859810000279e-01
8.753875739909999787e-02
3.195028934090000106e-01
8.696831780479999940e-01
4.533373914719999731e-01
9.912904038609999802e-01
3.453495629460000271e-02
1.333691723529999984e-01
4.623273448760000237e-01
9.943230842239999534e-01
2.257875361419999991e-02
8.827581399759999725e-02
3.219327786430000171e-01
8.731682587119999894e-01
4.429818027579999762e-01
9.869957007330000254e-01
5.134074986969999754e-02
1.948195090900000093e-01
6.274594718720000186e-01
9.350163321200000155e-01
2.430431631549999916e-01
7.358927359939999580e-01
7.774184684220000197e-01
6.921559735140000447e-01
8.523043273710000367e-01
5.035266436630000397e-01
9.999502511379999570e-01
1.989855486140000064e-04
7.957838134610000511e-04
3.180602166329999942e-03
1.268194374480000053e-02
5.008444819050000135e-02
1.903039849600000055e-01
6.163535130730000144e-01
9.458474399820000489e-01
2.048802410449999944e-01
6.516173114969999736e-01
9.080487634180000045e-01
3.339848266930000031e-01
8.897558489269999926e-01
3.923615129090000098e-01
9.536558243870000284e-01
1.767855719979999907e-01
5.821297341259999980e-01
9.730188270890000046e-01
1.050127568759999935e-01
3.759403110769999889e-01
9.384367743379999904e-01
2.310927796330000117e-01
7.107556273380000178e-01
8.223282621809999693e-01
5.844179655979999666e-01
9.714944283369999489e-01
1.107720161869999997e-01
3.940063064689999783e-01
9.550613477260000428e-01
1.716766792220000004e-01
5.688151881340000049e-01
9.810578795280000541e-01
7.433326617459999619e-02
2.752313268570000249e-01
7.979161742949999470e-01
6.449838123740000428e-01
9.159187765980000284e-01
3.080462850919999940e-01
8.526150853310000555e-01
5.026504063869999817e-01
9.999719013840000503e-01
1.123913061470000054e-04
4.495146973640000215e-04
1.797250535599999918e-03
7.176081704459999835e-03
2.849834222329999944e-02
1.107447468550000064e-01
3.939213915970000146e-01
9.549893153570000459e-01
1.719388916419999913e-01
5.695036367319999959e-01
9.806769779239999929e-01
7.579857157600000672e-02
2.802125924919999789e-01
8.067739820039999676e-01
6.235588958619999733e-01
9.389327970140000090e-01
2.293519988230000028e-01
7.069986378360000323e-01
8.286062557359999969e-01
5.680717147649999577e-01
9.814649665960000213e-01
7.276594376299999611e-02
2.698842447650000032e-01
7.881869567710000357e-01
6.677931117890000268e-01
8.873818865450000537e-01
3.997410959070000214e-01
9.597926086000000412e-01
1.543630283079999999e-01
5.221403351969999829e-01
9.980392222289999893e-01
7.827732484310000530e-03
3.106583635389999903e-02
1.204030006620000065e-01
4.236244723740000273e-01
9.766671151200000400e-01
9.115384545440000097e-02
3.313792876530000098e-01
8.862682214699999506e-01
4.031874443280000220e-01
9.625093162569999805e-01
1.443405295009999867e-01
4.940253641780000260e-01
9.998572149069999693e-01
5.710588210359999767e-04
2.282930851439999957e-03
9.110876312650000031e-03
3.611147298189999744e-02
1.392297380039999866e-01
4.793792722369999981e-01
9.982991423460000346e-01
6.791858948750000013e-03
2.698291840309999939e-02
1.050193620699999969e-01
3.759611826420000136e-01
9.384574871540000141e-01
2.310201278360000110e-01
7.105993134820000057e-01
8.225917166430000149e-01
5.837383374129999636e-01
9.719515633890000172e-01
1.090468872580000054e-01
3.886226545509999797e-01
9.503803476829999486e-01
1.886301696849999876e-01
6.121953150779999575e-01
9.496488450979999607e-01
1.912636644079999948e-01
6.187275003419999697e-01
9.436151226500000266e-01
2.128224918230000040e-01
6.701163151900000337e-01
8.842417572249999802e-01
4.094330880200000022e-01
9.671905378180000179e-01
1.269320054949999999e-01
4.432810859040000051e-01
9.871318591350000116e-01
5.081020726180000141e-02
1.929141203989999942e-01
6.227930501989999978e-01
9.396874672909999449e-01
2.266997244279999879e-01
7.012278374879999943e-01
8.380294296789999597e-01
5.429444186830000296e-01
9.926231076160000333e-01
2.928989537140000085e-02
1.137279896019999931e-01
4.031757359329999901e-01
9.625002475510000544e-01
1.443740840590000130e-01
4.941208316449999804e-01
9.998617415180000023e-01
5.529574670419999888e-04
2.210606820330000052e-03
8.822880151239999649e-03
3.498014774830000145e-02
1.350261480469999997e-01
4.671763495630000262e-01
9.956904318879999938e-01
1.716398293860000104e-02
6.747752251310000504e-02
2.516972258749999858e-01
7.533829294460000492e-01
7.431883642609999896e-01
7.634376779529999935e-01
7.224023593399999665e-01
8.021487622409999574e-01
6.348245019060000383e-01
9.272894147429999734e-01
2.696950241930000103e-01
7.878384724739999623e-01
6.685960550539999936e-01
8.863014808810000256e-01
4.030846634779999826e-01
9.624296701869999859e-01
1.446352005219999903e-01
4.948634371689999978e-01
9.998944628889999686e-01
4.221038911050000180e-04
1.687702877640000080e-03
6.739418146540000244e-03
2.677599355840000125e-02
1.042361589089999957e-01
3.734839283399999932e-01
9.359747344469999675e-01
2.397041236939999875e-01
7.289842271130000384e-01
7.902648949339999840e-01
6.629851630759999725e-01
8.937433464689999996e-01
3.798647084460000101e-01
9.422700468929999795e-01
2.175888224870000109e-01
6.809757072619999629e-01
8.689911735230000378e-01
4.553820554470000004e-01
9.920369560949999777e-01
3.159853534510000117e-02
1.224002716369999993e-01
4.296737805599999960e-01
9.802168914369999708e-01
7.756694871460000085e-02
2.862012687270000244e-01
8.171604100239999724e-01
5.976370972540000492e-01
9.618679889590000531e-01
1.467118430999999890e-01
5.007499127760000057e-01
9.999977505229999952e-01
8.997886505770000734e-06
3.599122217519999878e-05
1.439597072290000083e-04
5.757559313259999955e-04
2.301697745730000005e-03
9.185599732880000631e-03
3.640489796170000292e-02
1.403183254639999988e-01
4.825163720130000167e-01
9.987772910100000123e-01
4.884855892240000212e-03
1.944397630060000146e-02
7.626363234499999866e-02
2.817899629060000022e-01
8.095375188460000038e-01
6.167460977069999517e-01
9.454813946810000092e-01
2.061853079729999982e-01
6.546917069969999670e-01
9.042819031450000100e-01
3.462245711579999830e-01
9.054124699379999530e-01
3.425629168759999899e-01
9.008542594289999927e-01
3.572634507890000144e-01
9.185051100779999533e-01
2.994138913559999948e-01
8.390608520760000077e-01
5.401509543579999795e-01
9.935516034560000209e-01
2.562725890209999885e-02
9.988201001299999715e-02
3.596223763549999952e-01
9.211764911190000182e-01
2.904414533140000088e-01
8.243408620429999445e-01
5.792120208359999856e-01
9.749018230199999469e-01
9.787303396869999339e-02
3.531756127619999908e-01
9.137703972489999993e-01
3.151762334429999979e-01
8.633607012620000409e-01
4.718760031129999866e-01
9.968361631959999913e-01
1.261530776090000021e-02
4.982464708389999775e-02
1.893686065079999981e-01
6.140325495080000140e-01
9.479863106110000270e-01
1.972330620199999884e-01
6.333287250650000422e-01
9.288938042900000136e-01
2.642004185660000171e-01
7.775942295829999518e-01
6.917657748090000336e-01
8.529035504469999474e-01
5.018363363279999545e-01
9.999865114760000395e-01
5.395336997859999931e-05
2.158018360500000123e-04
8.630210624700000418e-04
3.449105028460000034e-03
1.374883481190000006e-02
5.423921741269999847e-02
2.051892988289999997e-01
6.523466018989999560e-01
9.071620515589999822e-01
3.368762550819999757e-01
8.935625753760000345e-01
3.804339970539999949e-01
9.428158837579999618e-01
2.156563723649999875e-01
6.765948056930000121e-01
8.752570984090000117e-01
4.367284403750000266e-01
9.839868389700000550e-01
6.302695881429999647e-02
2.362182451079999912e-01
7.216767431430000101e-01
8.034376861969999561e-01
6.317022823810000132e-01
9.306180352630000208e-01
2.582724308259999879e-01
7.662711292039999789e-01
7.163987430089999719e-01
8.126863360960000504e-01
6.089090208759999623e-01
9.525553006870000061e-01
1.807747992790000036e-01
5.923810848989999878e-01
9.658629406119999539e-01
1.318868822579999933e-01
4.579709301839999802e-01
9.929342291620000260e-01
2.806338288290000094e-02
1.091033176959999990e-01
3.887991350560000003e-01
9.505374705429999738e-01
1.880639505479999862e-01
6.107836042080000416e-01
9.509079721540000252e-01
1.867280025899999973e-01
6.074426225560000114e-01
9.538243314330000500e-01
1.761739047970000138e-01
5.805466402640000467e-01
9.740489549690000137e-01
1.011103531710000059e-01
3.635481986110000174e-01
9.255236235910000442e-01
2.757185830650000224e-01
7.987913840710000324e-01
6.428948352190000382e-01
9.183242642710000014e-01
3.000192396890000168e-01
8.400307820219999888e-01
5.375162691089999667e-01
9.943701182090000090e-01
2.239274488980000019e-02
8.756523946430000427e-02
3.195902732070000085e-01
8.698093219139999555e-01
4.529642617010000150e-01
9.911505572909999895e-01
3.508452029269999717e-02
1.354143869140000123e-01
4.683093229229999821e-01
9.959828039460000282e-01
1.600423276049999996e-02
6.299238917720000053e-02
2.360973923320000001e-01
7.214216546630000115e-01
8.038898033839999568e-01
6.306039495959999686e-01
9.317704333999999866e-01
2.542971713669999745e-01
7.585204800079999865e-01
7.326686456659999847e-01
7.834612052960000517e-01
6.785989803699999934e-01
8.724096168439999799e-01
4.452443091289999821e-01
9.880072572689999610e-01
4.739566741130000344e-02
1.805972724880000047e-01
5.919275906309999780e-01
9.661972723230000115e-01
1.306404131139999869e-01
4.542939823020000212e-01
9.916438397850000364e-01
3.314533920610000101e-02
1.281869027800000005e-01
4.470200829429999967e-01
9.887725135549999544e-01
4.440571997429999807e-02
1.697354080319999903e-01
5.637011971680000455e-01
9.837686299179999594e-01
6.387165083040000080e-02
2.391682522019999979e-01
7.278671973639999626e-01
7.923061614630000360e-01
6.582284318840000426e-01
8.998550533750000469e-01
3.604637451630000045e-01
9.221185343440000404e-01
2.872637718520000272e-01
8.189731889339999515e-01
5.930244189650000219e-01
9.653858299049999925e-01
1.336641172949999956e-01
4.631920841719999737e-01
9.945807093299999790e-01
2.155968783579999964e-02
8.437947078509999699e-02
3.090383027799999960e-01
8.541345207799999617e-01
4.983549647669999749e-01
9.999891754359999663e-01
4.329778597870000037e-05
1.731836451219999947e-04
6.926146101870000278e-04
2.768539580759999969e-03
1.104349907739999963e-02
4.368616082199999751e-02
1.671107206989999872e-01
5.567389109050000506e-01
9.871227839570000384e-01
5.084557339910000112e-02
1.930412042590000099e-01
6.231051908689999586e-01
9.393804479239999949e-01
2.277792879280000071e-01
7.035835356759999604e-01
8.342149760070000086e-01
5.532013992509999811e-01
9.886784444709999509e-01
4.477351163729999944e-02
1.710753771719999983e-01
5.672343699899999869e-01
9.819181579679999716e-01
7.101955608170000545e-02
2.639031149430000056e-01
7.770330434650000173e-01
6.930107713140000181e-01
8.509873686269999737e-01
5.072314682570000510e-01
9.997908234669999894e-01
8.365311110529999707e-04
3.343325307010000177e-03
1.332858993160000033e-02
5.260375448819999689e-02
1.993463980079999975e-01
6.384296464359999757e-01
9.233489319500000070e-01
2.831027272669999761e-01
8.118222923250000278e-01
6.110674320369999801e-01
9.506561021630000052e-01
1.876363103350000006e-01
6.097157015149999859e-01
9.518498593640000172e-01
1.833268183700000054e-01
5.988723841440000140e-01
9.608970066149999933e-01
1.502957971749999955e-01
5.108278821060000530e-01
9.995310278760000111e-01
1.875008755099999945e-03
7.485972389069999768e-03
2.971973042579999918e-02
1.153458721970000017e-01
4.081648078569999893e-01
9.662651899359999685e-01
1.303870906160000120e-01
4.535451888670000153e-01
9.913678020899999721e-01
3.423073227549999764e-02
1.322359569740000074e-01
4.589984346270000182e-01
9.932754865480000195e-01
2.671717748339999879e-02
1.040134796430000064e-01
3.727787027819999821e-01
9.352589661369999918e-01
2.421985295890000112e-01
7.341536074169999759e-01
7.806883525350000186e-01
6.848561950049999458e-01
8.633127486739999856e-01
4.720153866049999758e-01
9.968674456530000061e-01
1.249096580279999980e-02
4.933976630459999818e-02
1.876214150620000021e-01
6.096784786900000253e-01
9.518825252489999666e-01
1.832087334970000092e-01
5.985731738689999970e-01
9.611333175730000233e-01
1.494242536950000089e-01
5.083865844120000199e-01
9.997186608079999814e-01
1.125040162610000012e-03
4.495097788959999743e-03
1.789956753929999866e-02
7.031669208490000378e-02
2.614890195960000163e-01
7.724500489079999532e-01
7.030838834010000316e-01
8.350277452109999832e-01
5.510256397539999851e-01
9.895855363509999947e-01
4.122401038469999945e-02
1.580983654099999969e-01
5.324130890579999997e-01
9.957975666310000529e-01
1.673909169209999992e-02
6.583557800570000174e-02
2.460050186970000052e-01
7.419461978920000034e-01
7.658481493019999586e-01
7.172990460510000332e-01
8.111244983409999776e-01
6.128061861279999745e-01
9.490990574850000083e-01
1.932401462639999901e-01
6.235935685450000321e-01
9.388985192580000527e-01
2.294723591739999957e-01
7.072591821960000358e-01
8.281745255819999985e-01
5.692059230370000167e-01
9.808421608670000458e-01
