7.546312752605413565e-02
-1.619922880021482214e+00
-1.354385076625821693e-01
1.596752691982268768e+00
1.290797958093408360e+00
1.810738051643167312e-01
1.825578902784316393e-01
-3.956448024200821534e-01
1.850066618572099975e+00
-6.030578899134993176e-02
-2.258186826010555759e+00
7.310972231726210468e-01
-3.522066522726616355e+00
-9.362587439040965798e-01
-5.952790783698213017e-01
-4.714856323892242518e-01
-7.134842711627865652e-01
-4.463578972844748360e-01
8.929222638679852331e-01
-4.577937231198668799e-01
2.057099258217498061e+00
2.608810438264961284e-01
3.549072326547837997e-01
1.338974883413759143e+00
-5.539574503184196974e-01
-4.029237610588451424e-01
-2.022128135403965521e-01
1.114630307027203671e+00
4.662828672362199778e-01
9.409729945895530800e-01
-4.711574984076617456e-01
-1.770656111293075763e-01
1.069143628219602384e-02
-5.216041988272026586e-01
-1.217311794149349868e+00
-9.584350244555944753e-02
-1.909084170408024361e+00
2.601464431067572747e-01
1.117372393716512091e+00
-1.173241297582055642e+00
-1.583843173052751130e+00
4.349686853077367465e-01
-1.759460389168063577e+00
-4.835309739269880724e-01
-8.985305596794582739e-01
-4.635347264432832515e-01
4.335181422734456502e-01
2.390972044067260605e+00
-1.479584821823386687e+00
2.520057642361423489e-01
8.766105482725276010e-01
-4.086033254164556094e-01
2.808196135268661298e-01
1.090938864933555408e+00
-1.713270605336656649e+00
-3.427214076335320381e-01
3.017621768173647367e-03
8.179200505446359015e-01
1.216763180071707806e+00
2.854525016931759862e-01
-1.100893056569629103e+00
1.651499479733897102e+00
-9.252445552882230251e-01
-1.890720476049317256e+00
6.886054015537101947e-01
2.323815629690026974e+00
3.108578753253546934e-01
-2.700439750729553556e-01
3.323772101653189176e-02
-1.425988668196978892e+00
8.933092352225065202e-02
2.230964632943160941e-01
3.935368886809254008e-02
-2.300730723865843930e-01
7.410931793710280602e-02
-1.759953446748976635e-01
3.196543386456209834e-01
8.221758700712081813e-01
1.491579223672898191e+00
8.818461371958710160e-01
-2.682810258422290706e-01
1.870519599040824654e-01
-1.319671833734572974e+00
-2.002310335933905061e-01
5.816187809559559829e-01
8.057393482677670249e-02
1.457954829456278967e+00
8.585321951264812679e-02
1.776096425108082633e+00
-1.089308245881576293e-01
3.177666934310287017e-01
-1.714332135189532424e-01
4.121404320956386508e-02
1.466444088327292006e+00
-2.346888600878313191e+00
4.309688310788721277e-01
-4.763081993552930604e-01
-9.196734163511424143e-01
1.046808217839980681e+00
3.696883843590121899e-01
-2.471140167582394298e+00
1.181488394052459867e+00
1.491030682138331454e+00
-7.648619872492415928e-01
9.126599029218643855e-01
7.851984993041468686e-01
-4.935629171365442103e-01
-2.423559454670287661e+00
4.796557445048065249e-01
-5.250977198877678775e-01
-1.597800448138183782e+00
-1.397804699741075352e-01
-1.338716117796642235e+00
-3.878272719478945141e-01
1.047823200579102304e-01
1.008676846312670516e+00
-3.927007481185109672e-01
-4.136106888642815949e-01
-2.284116528959220016e+00
3.024619177007252357e+00
1.627781379195067102e-01
-8.843422831845775267e-01
-4.612696927713054174e-01
3.961508661983374480e-01
8.350731811167146912e-01
-7.488096753707620401e-01
8.236539705387443955e-02
-2.129548398770842343e+00
-7.417026061284652805e-01
2.705588907069079174e-01
-3.242294060978236359e-01
1.397278622164755513e+00
-2.197893062178546408e+00
-2.267608775333006532e-01
-4.564303182350990529e-01
9.508018013427557147e-01
9.166392351874876054e-02
-1.447623935468073775e+00
1.654485720033982143e-01
9.131070859462611100e-01
-9.992952197764609634e-01
-3.201418376721248960e-01
1.533805545651689473e+00
-4.501356553670082250e-01
-4.147784817151722869e-01
2.907743323264553315e-01
-9.952731529199336513e-02
1.785121491923999271e+00
-8.532279635150380459e-01
-5.884761764612758128e-01
-1.511208629286623362e+00
1.812162392221787321e+00
6.424000970332843785e-01
-2.115749284943783393e-01
9.394399869031273553e-01
-5.169797876867827657e-01
-5.223952834460623418e-01
-9.623736737103269490e-02
-6.274473231492426750e-01
-1.251681763153276172e-01
-1.641178941121159252e+00
1.530069001316936850e-01
-6.265339064697502680e-01
3.262566569670485861e-01
4.655735473320850026e-01
5.644567575764140033e-01
-8.036662810139820756e-01
-8.400611331477425558e-01
6.277219418410355523e-02
-2.209730563882640608e-01
-6.763422071220123177e-01
-6.444474798181183406e-01
-5.463389256284558737e-01
2.617959810440940172e-01
1.932311067753925693e+00
1.027971132040608748e-01
8.936763556207054648e-01
8.649144691484016434e-01
3.844231132288812303e-01
-9.369813368587887048e-01
1.967542749627139709e-01
3.066326082918517382e-01
1.171958519121451436e+00
8.239252137145197663e-01
-8.880583329164849493e-01
5.271892532407630449e-01
7.982420765776783167e-01
5.505329397127399771e-01
2.577874804883137916e-01
-1.823514046929149979e-01
1.180294356690015256e+00
9.102289074636126243e-01
-2.957823119285396540e+00
-5.472198184260025806e-03
1.440510668043433418e+00
-1.089339690320369342e-01
1.014158572990500939e+00
4.174247234595296341e-01
2.144842778149025353e+00
-9.370443574081325222e-01
-7.582495134408557824e-01
-3.312451120712854302e-01
-1.238930684649550973e-01
-1.980782654460808978e-01
-1.298870815227836539e+00
8.772367567171889258e-01
-5.723943519880030362e-01
5.568515065704293665e-01
1.107798358260321692e+00
2.970382127581099874e-01
7.356825270967058683e-02
-2.810270798668748515e+00
-6.990315494912452410e-01
-9.793604333854112609e-02
-2.066194544444778791e-01
2.309553617803404180e+00
-4.112584577079693715e-01
2.177555475800738438e-01
5.927670014465342974e-02
-2.036458033648002597e-01
1.906203706733942127e-01
-8.128732931553190877e-01
-1.573641241720993011e-01
9.225018157180895351e-01
1.848962038750330550e-01
8.649109552367345577e-01
-9.864322192996406724e-02
5.901658522327803968e-01
-7.708100137952407227e-01
-4.049971781361127454e-01
6.239222743482835121e-01
-1.066448084026540011e+00
1.827957259950525326e-01
-4.388195942947374917e-01
-1.127871062086172493e+00
-5.484484245890238752e-01
-1.909251828844614973e+00
3.946883115577680123e-01
2.438882290839627931e-01
-2.300120329569581568e-01
2.046326579588414740e-01
-4.896730908047152164e-01
-1.329485702703997740e-01
1.508451115124162412e+00
-1.394367662758414228e-01
2.576246326396100517e-01
5.294297916725852239e-04
2.585651467904315659e+00
9.365070059227905697e-01
-9.035433969127832921e-01
-1.558507718583289903e-01
4.243768742847743858e-01
7.679243202931776424e-02
6.080040823902437275e-01
1.735011292447531162e+00
5.328822187887918282e-01
-1.700223491014992927e+00
8.662029447711586672e-01
2.114180467252511519e+00
-4.913495639222764111e-01
-1.081858726294270490e+00
-1.264666927359084703e+00
3.496024227550351138e-01
1.140976858136782512e+00
2.130795150734619448e+00
6.854887376031443269e-02
-6.617151765513010209e-02
-8.965339182388734063e-01
1.998417797923309480e-01
-8.047570782837731862e-01
-7.479538260570745001e-02
-7.771676036453856184e-01
1.278413423229937951e-01
-1.613643260496389731e+00
1.393010304486767881e+00
-1.594906961238376164e+00
-7.496463207497432446e-01
-1.244985131543534740e+00
-2.617274490410688159e-01
-1.041352089131271752e+00
1.198649002223496629e-01
-1.345533331708720359e-01
-2.057699657558967332e-01
1.408507193733857799e+00
-3.858827332810837452e-01
1.417504681066006356e+00
-5.536184572492512945e-01
-2.573606914198721674e-01
4.765807082066587652e-01
-2.070872360939213230e+00
-3.430446019167201488e-01
-9.129529050947438051e-01
-1.004757613345167000e+00
6.758353984127943859e-01
1.389875129989085689e+00
1.319047063372384532e+00
-2.270139610894425231e-01
-5.602178086920162059e-01
1.064596406795714212e-01
-1.057813289891373465e+00
-1.050791906812545085e+00
-8.097484106941856830e-01
1.116923618161763526e-01
2.306402321719699597e-02
-4.861303885144621639e-01
-1.951000083248776162e+00
-2.196614461426174558e-01
2.763340319645967921e-02
-5.701981617931310975e-01
1.300147910013792707e+00
-1.195596877436832184e+00
-1.587657195666263954e+00
3.020381443143468347e-01
-4.363833603936935757e-01
-2.035081895627270043e+00
-1.115337151789049130e+00
-9.871053787002666280e-02
3.875604474397679189e-01
2.409696055385366353e+00
-1.992650012184231934e-01
4.233280087676593029e-01
4.912180506731986251e-01
5.971693115626931087e-02
1.465050349742508251e+00
2.905498439465673682e-02
3.175870207403746481e-01
2.104588954632648223e-01
-1.180748125569107243e+00
-1.911224653735499324e+00
1.194395603557080410e+00
-1.271755777567323831e+00
-8.976145769855036205e-01
7.550647690776337573e-01
5.630317439825753834e-01
1.179403259693819983e+00
5.729100415444812189e-01
-6.412679965564437312e-01
-6.429489910183689982e-01
4.355410965548658364e-01
-2.940882713137042970e-01
2.441711175720171212e-01
2.029775751763296665e-01
1.062383885230822944e+00
-4.240182828825537209e-01
-6.379653246173708041e-03
1.373270769048680062e+00
1.112968333885283739e-01
4.401124044779572420e-01
3.364449829987704588e-01
-3.307870332346604103e-01
-7.658462106507258893e-01
-1.234216505646308581e+00
1.754999793354432125e+00
-2.501519749621376465e-01
4.198179074774805453e-01
1.797018315344515837e+00
-3.926404029383067096e-01
1.318459071261566029e+00
1.238452499450663213e-01
6.697121496277836927e-01
-3.131149707129416981e-01
-5.339501487172074734e-01
-1.394357046428038815e+00
-2.047128662767247587e+00
9.792684141323325653e-01
-1.315847185250248019e+00
-1.894750525300877397e+00
-4.579898448773082886e-02
2.495447130351873710e+00
-9.981382035191337376e-01
-1.246195334207370609e+00
-5.280531425747334584e-01
1.311566903106553106e+00
-9.176987770425556468e-01
-1.620858777366671610e+00
5.747438271938805077e-01
-6.064843672651090006e-02
1.216190088944397951e+00
2.542733031710897040e-01
1.083135499240454713e+00
-9.489230571505841150e-01
-8.543276631692470202e-01
-4.958019885779595959e-01
5.703991113503974475e-01
1.522518312665883222e+00
8.959279630540913919e-01
-1.698099754820035390e+00
-2.007444142393257192e+00
1.130318280625307592e+00
-1.865022740645703309e-02
-1.604873579320026833e+00
1.236427100219883168e-01
-1.859423536088868456e+00
-4.409393769698667920e-01
-6.300075832946641086e-01
3.383225790777071862e-01
1.594416515788422695e+00
-1.004081449161021267e+00
5.652548392679151990e-01
1.094038209919433041e-01
9.961925853770292605e-01
-1.255220002414375813e+00
1.128837092324731957e-02
-6.741754164732652876e-01
1.189909499792159764e+00
-5.400888211177308218e-01
-9.253914871451475455e-02
3.730068261605478108e-01
2.554056350573313594e+00
6.311362907144831835e-01
2.662370161235479760e+00
-2.104009880871613891e+00
-3.119717575966221915e-02
-7.334095086482398385e-01
1.070456124224871353e+00
-1.480041511339222904e-01
1.426362020582068402e+00
6.597147362686718308e-01
9.693961287187621290e-01
-2.071191975502983118e-01
-1.748369931556231494e-01
8.525265985640236854e-01
-1.633271587984060358e-01
8.743475417030871499e-01
-8.029921796415294410e-02
3.990986224797523629e-01
4.000438227281783998e-01
3.602097421719495096e-01
3.923211265454265018e-01
9.406245978767424631e-01
-7.823236509758756396e-01
-1.341722442410080651e+00
-1.228591494632048864e+00
-3.120819587794358418e-01
-5.291665627377278858e-01
-1.804144021390771402e-01
2.250623374640307039e-01
5.420203747839993369e-01
1.771976089473979776e+00
1.686963286694093678e-01
-1.277801939182759527e+00
-8.356270147459222697e-01
8.143332464962543815e-01
1.604316459123183991e-01
-9.711053090948618127e-01
1.047767179127244708e+00
9.855379102339834052e-01
2.409109553194281328e-01
2.794858155697033997e+00
-6.801452263869615100e-01
7.658618188167023444e-01
2.595012760018929887e-01
-6.131789867469888966e-01
-5.614507165046485060e-01
-7.416797465531812517e-01
1.085841683716323613e+00
2.429079006711048816e+00
5.352842592973093838e-01
1.727536289393850066e-01
7.167352116441672027e-01
1.466324238644498346e+00
1.373190654872976868e+00
1.438321725340677426e-01
2.200507851063900677e+00
-1.454453958947077963e+00
7.860353922280029215e-02
8.630367091887766184e-01
-1.349478670676559133e+00
1.474959813119513408e+00
-2.575945481100815893e-01
-9.044000659254597396e-01
1.685327737481719268e+00
-3.101026352594311586e-01
-7.582209235603227793e-01
1.252365737323963835e-01
4.104392610300264810e-01
-5.098600376067997653e-01
-8.258779477464683882e-01
4.761439787421706260e-01
6.412790809896578015e-01
-5.533358854998120524e-01
2.023661544170314575e-01
-6.296433639589797959e-01
-1.974421210912167268e+00
-3.343342196024741697e-01
-5.016615452252680685e-01
-1.070874874374632801e+00
-3.981181288196535689e-02
2.020530985908767230e-01
-7.523749569317624841e-01
-8.242624602306993786e-01
-8.447631729688461766e-01
4.203149892226891726e-01
1.509307873488006380e-01
2.428051384987523487e-01
-1.248049597084633922e+00
-1.092163616870413634e+00
5.668301318152372259e-01
6.444716884635139920e-01
-4.182244280155404392e-01
-1.165116590028933530e+00
3.304716918638777590e-01
3.559096065203827819e-01
5.125773146942609326e-01
-2.153110619292633310e-01
-3.916837898484136771e-01
-1.607002772234845667e-01
-2.048660991495839578e+00
-1.591411595597899353e+00
5.249377948084432699e-01
2.272280176206806501e-01
2.149526933859146727e+00
-4.346714617400896929e-01
1.039853450993622364e+00
-1.313713164792529087e+00
1.672662024470353836e+00
-5.339069053395796294e-01
1.045821802305760384e+00
-2.689831587354731268e-01
2.121464695628908714e+00
-5.246546290657939648e-01
9.191025881058447755e-01
2.114826387872703162e+00
-1.012341086432051451e+00
7.409105905453181595e-01
1.095302221041187574e+00
-9.731035864182483452e-01
-1.819778935784103879e+00
2.104980670281932087e-01
-1.891148004689376938e-01
1.219067097208165862e+00
3.069868779028073202e+00
8.589214473969786212e-01
-7.330414938152109983e-01
-9.250267094335679063e-01
-2.348839518692595954e-02
2.194151161182575915e-01
4.123749832717162334e-01
3.977862660892727553e-01
7.596636286131257521e-01
-1.158167485412828990e+00
-3.426287287492300604e-01
1.413551135459391261e+00
5.340534636902039001e-01
9.622697127124701932e-01
4.053026634236046588e-01
-5.430838905793734517e-01
-3.256572138581652620e-01
-3.232036564669643619e-01
1.091016750938538893e+00
-9.308286110749293130e-01
4.011048983853832683e-01
1.289283921355345586e-01
6.406268319773866793e-01
2.017991042752540487e+00
2.057430864180488594e+00
1.607500247584194297e-01
1.053540925578724030e+00
-8.620041631232140400e-01
-7.115406049600786487e-01
1.418025461760658024e+00
5.708015258636989220e-02
-8.355261628273722430e-01
-1.887144477379655738e+00
-1.121951068792004902e+00
9.034683490483852442e-02
6.723833851051783661e-01
1.250838639337275238e+00
-1.179157855090755769e+00
5.019547489219133851e-01
1.616227048530953780e+00
1.764876758301294757e-01
8.550281742526352202e-01
-9.040472530758925096e-01
4.045549044665040506e-01
-1.285988227794317762e+00
-7.847504981328037310e-01
3.838688941804094812e-01
1.136061702605370760e+00
-8.936684079786499924e-02
2.700825557874594329e-01
-1.076023555142167520e+00
-1.585980665887120611e-01
2.638886343335349327e-01
-5.904511931295258753e-01
6.614956388098086615e-01
7.460807996324608782e-02
-1.748200267982529033e+00
2.059109882148638881e+00
1.646818517926664505e-01
1.217999647434215849e-01
5.736750883909593757e-01
1.622043828313114888e+00
-2.510856509216903287e+00
-1.403935878235620383e+00
2.059981910722962495e-01
-1.725920509392528723e+00
-1.121992434003763195e-01
1.266398495969021099e-01
-3.913458073587746666e-01
7.648909966648842484e-01
-1.768424158188154571e+00
-1.032297413634915006e-01
-1.868535794453176357e-01
7.294351508973729858e-01
2.094962369989134210e+00
-9.567847010688941278e-01
-1.325548467265081909e+00
5.399062250322361756e-01
1.605233609834325614e+00
1.187189797688477766e+00
7.589938943059603149e-01
2.563876930237483642e-01
7.183821033184957239e-01
-4.744168312930107656e-01
-4.294119999186998826e-01
1.022230420708985621e+00
6.750797071403187299e-01
3.502763647030363026e-02
4.954748874716236040e-01
-8.523643872790441778e-01
5.613177700489715427e-01
-1.122949593787110567e+00
-1.136074492015921145e+00
-1.297276164349902672e+00
-5.199312358501023690e-01
1.027012816090586922e+00
3.435122851589511583e-01
1.565675389036716769e+00
-1.615121351157887131e-01
5.449173661676923741e-01
-1.350680846930809142e+00
-1.041050191742150632e+00
8.082192963281523701e-01
-6.482741919705488076e-01
1.450037129661265745e+00
2.081097775078156464e-01
7.492346459901699784e-01
1.143277887177921892e+00
-4.353096080335069340e-01
2.407386458392285766e-01
-6.602581258799284925e-01
3.345499153162984074e-01
-1.552296365350968932e+00
-6.226224451527740955e-01
1.420532730086281614e-01
7.968202735442155848e-01
-2.102062715690015349e+00
8.384044528305419908e-01
4.268524134539393722e-01
-1.261798604805060287e-01
-9.376026758026899041e-03
-1.730189389870306460e+00
9.809083978496411227e-01
7.355757025156113293e-01
7.735411135559846496e-01
-1.018993923825174175e+00
5.642536647337650368e-01
-9.819085034451750793e-02
-1.052765880337073412e+00
3.056559234908535205e-01
1.263594932780764069e+00
6.450837681494719922e-01
-7.643281320727043360e-01
4.880337105770202744e-01
-6.754612671353509290e-01
-1.801548560892577866e+00
3.253108254668571342e-01
7.171640849047651312e-01
-2.204055183200744672e+00
-2.116602688309827673e+00
6.082464534760772396e-02
2.219279869604233291e+00
5.491969134244192308e-01
7.813855155183773160e-01
-7.133878928444311596e-01
-1.353714698915902404e-01
-8.919902258884697677e-01
1.463281935645051712e+00
7.868685352578543846e-01
-4.778291061850054589e-01
-1.308087233270941896e+00
-1.668281694241887880e+00
7.047478850751114354e-01
-2.207196358770624478e-02
-1.640107195669536777e-01
6.322921720675733770e-01
-3.398788702143281104e-01
-1.058949020139669406e+00
1.379459114159546917e+00
-9.546762384097129406e-01
-2.478565836918259491e-01
6.974015797293544594e-01
2.477158044549408467e-01
-1.264549186441527251e+00
1.060538259504537617e+00
-1.174691683769636175e+00
-5.038046725329903275e-01
2.011855261554728880e-01
-1.689701311830266839e+00
-4.376493799499963644e-01
7.739190175406041039e-01
6.910400899605232405e-01
9.929602802167649678e-01
7.951314717878110727e-01
-1.306873002121932692e-01
-1.641962299282055282e+00
-1.358362815393340917e+00
4.968457244303037257e-01
3.060710163597476496e-01
-5.333833212376428712e-01
6.087054450762201530e-01
-4.113220924268167211e-01
8.301295486169838478e-01
-8.144218465298079801e-01
-1.038740318172727939e+00
1.136316274085831024e+00
4.047794234467837204e-02
1.006380249667308657e+00
-3.861191759918259359e-01
-7.171156807918176168e-02
-2.479770043006520874e-01
1.981446281541206389e+00
1.091836014735770632e+00
1.172036304369478810e+00
-9.647248201790865618e-01
2.219763050562541529e-01
4.147717004676523822e-01
8.940549432979503219e-01
-1.092352484649011579e+00
7.162666129995859388e-01
2.344862077094800323e-01
-1.717765552716837396e+00
-3.855864074110919026e-01
3.686599303553190765e-01
3.239281398221730002e-01
-3.604273566231189774e-01
1.450427711719115997e+00
-5.753185106335180210e-01
7.335915678432878284e-01
-1.705680410150706983e-01
7.712384079138180359e-01
-6.895926583912689312e-01
1.092605519734506092e-01
-1.478451218461346306e-01
-5.646904537612743580e-01
-7.882527432852234339e-01
4.299277817688192393e-01
2.480123474694587438e-01
1.546875139358862672e+00
1.601435102049636239e+00
1.050384007971450817e+00
1.813428411459063305e+00
-2.154194307518361828e+00
4.833206667911720822e-01
1.398967757822071833e+00
-2.041755590327431147e+00
-5.406228089482945087e-01
2.100911460317253232e-01
-1.078801537158889268e+00
-7.246697197749825126e-01
-1.886352732213174788e+00
1.360457701964407518e+00
6.139474976182194288e-01
8.092442957207800491e-01
-8.619903698174471440e-01
-1.955188762317525974e-01
-3.094501756312780794e-01
-5.184168970373026486e-01
-3.859629803896629796e-01
-2.317089851489128716e+00
-1.438889675140375968e-01
2.817650373446511924e-01
4.540304446454360154e-01
-4.066578230219910495e-01
1.316765099175345455e+00
-5.965492809809594954e-01
6.427546676623070443e-01
1.280328074119686299e+00
7.969190047952904310e-01
-1.178087578696270371e-01
-9.120713949123039344e-01
-5.914807638111724275e-01
8.142323967995011014e-01
-9.594505181779775516e-01
1.554189500801954615e+00
-9.952210801291896947e-03
-1.174439127603781996e+00
8.830435263010946167e-01
-3.092354068155596103e-01
9.994257251645948248e-01
-5.012777387466933465e-01
-3.334584046635785115e-01
-7.487792429185501364e-01
-8.882620493336368384e-02
-2.442693060025966645e-01
1.073873544022606374e+00
1.351877049906387462e+00
-8.901361989307255973e-01
-3.977891767579697646e-01
-2.504517812267367471e+00
7.240537672756254539e-02
-1.280955115953365864e+00
-1.856200285152879603e+00
-6.647686917921075134e-01
1.074417874429438147e+00
-6.047945786201932433e-02
-2.235562581855092379e+00
-1.314166683998720941e+00
6.120796369360794742e-01
8.703256042303582074e-01
-1.401428581950587837e+00
5.114959902834778083e-01
-6.041351915302297648e-01
-1.081269628128609828e+00
6.772314538399923922e-01
9.473826425921825223e-01
4.699473944611632370e-01
-1.830557629747785686e+00
-9.101140094317230478e-01
2.054782298889188397e+00
2.917094085292215588e-01
-1.972656089424992473e-02
1.844068210358670579e-01
7.289298247661107899e-01
8.413967297742737106e-01
-1.511105087311569006e+00
3.539563437957715664e-01
-6.723106855029890028e-01
9.487360002598815845e-01
7.232575542938578517e-01
1.672416726400586029e+00
-3.010724230596843465e-01
2.966855134193044363e-01
-5.239550857545467455e-01
1.477096482234079577e-01
3.029554286618870163e-01
1.627213645244665330e-01
1.538430000031580480e+00
-8.453309301742251147e-01
-9.026707926899525392e-01
-1.163886012984804319e+00
1.334872765481098789e+00
-9.552642245300724255e-02
5.463325029241377327e-03
4.565177778896047922e-01
8.233355407656269831e-01
-5.595578189617256282e-01
-5.565340503321537513e-01
2.808698344971525263e-01
-1.083248799383214722e+00
1.316650324744586209e+00
1.591177751922661088e+00
8.118613999983991664e-03
-1.477771490238609209e+00
1.944865347483114848e-01
6.660649566894862872e-01
9.888668993421547704e-01
3.349510258707215082e-01
1.578522227135857214e+00
-7.658240744716671156e-01
7.023797046372637354e-02
-7.065761837976567428e-01
5.478147028919346795e-01
-5.926980005831353759e-01
1.624544365220733422e+00
1.240728430313821518e+00
1.865867300372094362e-01
1.134387834331588518e+00
-1.689367471116774988e-01
-9.332646945811480244e-01
1.384387489429105278e+00
1.224607672168759542e+00
-1.081199143064024648e+00
-5.308582882891658139e-01
3.531706152324526338e-01
1.005468733051323893e+00
7.180365151190767348e-01
-2.303707648192484803e-01
-4.111314518188689537e-01
1.647030039020993541e+00
1.783229635436907934e+00
-9.463643309372680168e-01
6.546244125233331435e-01
-1.094455604287765782e+00
4.642697252050149714e-01
-6.516946351274301164e-02
-1.419372625201976046e+00
8.536038964040071342e-01
2.326722181037122611e-02
-5.628746659396027807e-02
-1.927948903308958906e-01
8.346656624916945488e-02
-9.018808294119228242e-01
1.748393076445427186e+00
-1.510473574389215257e+00
-6.098069095533203976e-01
1.217818244383627846e+00
-4.747414072258421824e-01
-6.085036237357820399e-01
4.324253664760865229e-02
1.222827307254910068e+00
-6.718978205176885377e-01
9.741272956814297501e-01
-1.206177463110486903e+00
-1.107923035803241030e+00
2.856062854689602193e-01
-6.015900262759062977e-01
2.507292006821115304e+00
1.285618185472025443e+00
-3.011792226913175274e-01
3.464482426982616325e-01
-5.538437963792564034e-01
7.113748461580933213e-01
2.968736564069081041e-01
1.145396916350019278e+00
2.303407407607575674e+00
-5.265102960379357440e-03
-2.800471192776735618e-01
1.189123888163058584e+00
3.825453078641946614e-01
3.728626295634444587e-01
9.971247389950075313e-01
5.001787523019298742e-01
-1.254721126248295571e+00
-1.652179938230695644e-01
1.135735207537093144e-01
-1.464060771025473606e+00
-2.329505527990496094e-01
8.443985322931930604e-01
8.240135343873890017e-01
-1.280766680394176626e+00
-3.105849837115025602e-01
2.853551570145503313e-01
8.718411685399712896e-01
3.063310411345352424e+00
-1.604395313329627148e+00
2.607099652246400723e+00
8.163537138454323161e-01
-1.194474548060580954e+00
3.125085516085730486e-01
1.434385012611187893e+00
-3.667486239223681221e-01
5.093826139065594782e-01
3.740781323405203279e-02
5.076154446707014101e-01
-5.570902504701548130e-01
2.063138535851182509e-01
2.752700311524331589e+00
-8.292115249229223273e-02
1.305068746921880019e+00
-1.409504608960548744e+00
-6.777468444863039565e-01
-3.506886543421665337e-02
-2.129572854762646905e+00
3.122655193736336710e-01
-3.138220519243718254e+00
-1.553058337866512761e-01
-1.340546125480050144e+00
1.471829649892270941e+00
8.647206406019537495e-01
-6.696224366806518002e-01
-1.885001330354126037e-02
5.392745236449782986e-01
3.096148389712994886e-01
-4.837499098697664035e-01
-3.660351470670476504e-01
-6.704094509112635825e-01
-6.289306367934975883e-01
6.542379642335355294e-01
1.078265919982120069e+00
8.599198719889012965e-01
1.156165779184799236e+00
-5.378872287423529519e-01
5.180946912186444875e-01
2.386658159772646837e+00
1.735504928015010773e+00
-1.250882649188499673e+00
-9.768859068161608317e-01
4.893798625643558942e-01
-9.732562280812852018e-01
-2.750750157564948450e-01
-5.003242805958960648e-01
1.550587174842493754e+00
1.262876903191225697e+00
-2.130942795307395610e+00
2.135741934703543787e+00
4.241054078403524441e-01
2.230298780301151584e+00
-8.795130757199982607e-01
8.197967237538114071e-01
-7.336680482645424606e-01
-4.882188432356782126e-01
1.113216301241681361e+00
-4.993641876790069212e-01
-1.527025782654129193e-01
1.768682401523452352e+00
7.115608543028091315e-01
3.528960355383822800e-01
1.296475438068666941e+00
-9.223484434697936107e-01
-8.596103742595372355e-01
-1.186032290603433070e+00
-1.509543233708123378e+00
2.708560417240033491e-01
9.468531780955874444e-01
1.261753925575001267e-01
-9.483928583945555602e-01
-1.191410663513768675e+00
-4.434102193599809838e-01
-4.429637850560360079e-01
2.451689719786621924e-01
-1.803739612773243572e-01
1.199947397812416883e+00
-5.141919706359597830e-01
-2.489885896400257093e-01
1.081409950582155499e+00
-1.183696524579545217e+00
5.172099626414774498e-01
-1.112687020993849245e-02
-1.645981604403814913e+00
1.426672099028683416e+00
-3.640167177564487266e-01
5.516320449853912011e-01
-1.410616516372558360e+00
1.569140139156365965e+00
3.621921338116987354e-01
-2.198857026387726343e-01
-4.721880014231976119e-01
7.562685526252425072e-01
1.044894065148465723e+00
7.120133046799396181e-01
6.274540945345983278e-01
8.875008572997464262e-02
-2.502325930915758612e-01
-7.308521358595864159e-01
4.880787719626311638e-01
-5.492782969414814476e-01
6.129458436740223837e-01
-6.462570685500944601e-01
-5.759782716893974142e-01
-9.260740100868277702e-01
-2.353467107757998000e-01
5.457015268893964377e-01
-9.795377172041885849e-01
-9.121395490237044212e-01
-2.364585608267934180e+00
4.647392693324397528e-01
-2.538923212822721820e-01
-6.059000135802904419e-01
4.456254079512293048e-02
3.472785877311392322e-01
4.957657725228478696e-01
5.932042373635466603e-01
-6.485959093872361025e-01
-8.302169853798777588e-01
-1.346589463731350488e-02
-1.001949480840371942e+00
-2.391491537562363268e-01
1.359053274861488081e+00
-6.158311241840271899e-01
-1.806547863356208428e+00
1.508483120058156102e+00
2.898647276487084645e-01
-1.292075851892270366e+00
-1.732997847093775245e+00
-1.077234782173707384e+00
-1.759593156629830346e-01
9.800680958999895276e-02
-3.690859083827718323e-01
1.266964789142856374e+00
-5.260138069194285615e-01
-2.700427585807994579e-01
-1.626682989818332148e+00
-6.806629761711010529e-01
8.519569146684341510e-01
2.288898089284483739e-01
8.491691999307321437e-01
-1.681076665648882917e+00
-6.061596673826266102e-01
1.295847263673422511e-01
-7.188057857966414499e-01
5.924268307472313477e-01
4.417547713577550661e-02
-3.114464370127634774e-01
2.511572916565828484e-01
-4.464495231152414423e-01
-5.050619542971157561e-01
-2.172296742528209368e+00
5.510895942724232111e-01
1.161432142550084645e+00
2.468325651153513434e-01
-4.685628446994862806e-01
-7.762518181038514653e-01
3.690435990939813782e-01
-9.495044866394666272e-01
7.350184776509909312e-01
7.534141505145833806e-01
-1.612735203384697835e-01
-1.727519515083140833e+00
1.425174000439466404e+00
-8.478227012870981696e-03
2.113720534679058183e+00
1.387701695467920437e+00
6.656419297643527688e-01
1.240932086090144271e+00
8.195983736680574339e-01
9.350739449159402028e-01
-1.063290656213011637e-01
-7.062891436525371436e-01
2.660152335998179574e+00
-1.563779092975928320e+00
-5.789277518550002277e-01
-8.835517231517304726e-01
6.896219005998265317e-01
6.375564655262150326e-01
1.211321153212136931e-01
1.183855568138598713e+00
-4.300480136455824276e-01
-4.690857642504531189e-01
-4.943340999159546167e-01
7.518399743357752074e-01
1.190180891614723624e+00
2.308008665193426179e-01
-6.013875202795002095e-02
6.327229180493615379e-01
-2.079413380242378928e-01
6.866282512429050522e-02
-8.343970603613544146e-01
-1.183290299664351841e-01
5.767594163099057925e-01
-1.106217516971846226e+00
1.339794329890909630e+00
-1.161839914273983476e+00
1.061525527936112434e+00
-2.891456102392882532e-01
-7.929922013805038583e-01
1.527317322425014057e+00
5.394890318005748364e-01
3.312814133755247470e-01
2.983843547958910936e-01
-2.576076289360724192e-01
-1.317191238899686700e+00
5.522235078824926369e-01
-8.067193461097775520e-02
-7.609416732782234849e-01
6.617563106422326147e-01
7.168002284572931870e-01
9.419767070394883257e-01
2.128617875195761011e-01
-3.981569948901111933e-01
-8.803955868800236728e-02
-2.450205611682629570e-01
9.877209083872480200e-01
-4.460391337987062443e-01
-1.672071684285481918e+00
-2.257667147025736454e-01
-5.762887614612397513e-01
-4.071570640073716193e-04
1.377975691767399535e+00
1.316808918234372294e+00
-4.777838032753531916e-01
-1.411268025527134595e+00
-1.076923376458320813e+00
-1.035199923640782727e-01
-7.334933364264977218e-01
-4.436506798489123216e-01
-4.482438947833140563e-01
1.576345307390671024e+00
-2.468844245023098960e+00
-1.489993880477572308e+00
-1.607889147107519845e+00
-2.141585041717491977e-01
-1.148775187988353652e+00
-5.441307189584972948e-01
-2.722345682857785221e-01
3.514174822761473860e-01
-6.336994236148346627e-04
-6.295891230818941864e-01
-1.647589266898758786e-01
-3.152968121629327047e-01
7.509959481678118998e-01
1.409848683050910934e+00
7.233509499392081210e-01
-5.127321848706372087e-01
2.025371258059660562e+00
-1.688790696992688245e+00
-1.050559294030136925e+00
1.028827215861180644e+00
1.236223126024589503e+00
8.568879945971664969e-02
4.512451576823216515e-01
7.326094266043492453e-01
7.201628115701819155e-01
-4.475835528599315105e-01
-8.316723002552900423e-02
-1.717752141220706685e-01
7.188293527594455945e-01
-4.555665469469085682e-01
-1.108193986899503658e+00
1.578007729839368822e-01
-1.462825294682106980e+00
-7.590951067077492675e-01
-9.176895772605612178e-01
-2.410615147827727789e+00
1.961055813760837277e-02
-1.337025423499237808e+00
-6.948169201402878414e-01
-2.371013672511870785e-01
1.159509362764197915e+00
1.939662961278563191e-01
2.299528972663175130e-01
4.412015805114897216e-01
2.706965997734532559e-02
6.873507494399873075e-01
-6.350257286608070040e-02
-9.526299285841564046e-01
2.210981152476196865e+00
4.055295923650212853e-01
8.775813101637124081e-02
9.670915491880824333e-02
1.041373831420838281e+00
-4.854250441705784680e-02
1.428296930998254333e-01
4.768717023318448378e-01
3.376263910961776471e-01
1.007205284847467075e+00
7.610531373974022129e-01
-1.078535370666661830e+00
2.495064930906335243e-01
-1.209920667984881071e+00
5.819503922335486079e-01
7.581805796277368836e-01
-6.248902705544102654e-01
8.782749596518642232e-02
-5.239426095515350434e-01
2.077004623789016513e+00
-1.093002635243950360e+00
5.335063406481458381e-01
-1.512685225571201997e-01
1.227173621313786489e+00
-1.838437985803879515e+00
-1.242789913545020664e+00
7.478481960423506436e-01
1.230853544290979734e-01
-1.594892585056734369e+00
-1.941501299437914385e+00
1.017411976665743012e+00
1.780749119293443261e+00
-9.626621032168269920e-01
-1.365093026738285475e+00
4.993238820204887185e-01
-2.528928256622805515e-01
-1.716004144803451315e+00
4.283485919668690856e-01
1.026163704245127428e-01
-2.945600792937513313e-01
-3.058380296776504470e-01
1.133287574613119464e+00
2.068495915062509294e-01
1.949450464048553822e-01
2.899548629468665095e-01
1.322060608977029705e+00
2.376894608688931765e+00
-1.416398966450524988e+00
5.403233617320667426e-01
6.061616328982222246e-01
-1.387195221456551497e+00
-1.115516613585378458e+00
-4.700624819672369892e-01
-7.112622375860164770e-01
-1.563263400876665710e+00
-6.089941478199951685e-01
3.599822634451236431e-02
-1.204400722764901177e+00
-3.142106096620905231e-01
-1.451505977785504109e-01
-3.218515814712043510e-01
7.315705829925742698e-01
3.600794866189999111e-01
8.116948087008125645e-01
-2.259307981306855617e-01
-1.986197089482010680e+00
9.388231501639067167e-01
-1.457748585341560599e+00
-2.789879143565222375e+00
-1.785903219055984259e-01
1.843634484501461390e+00
1.634952431700739117e+00
2.236968130826182954e-01
-5.388175319383737838e-01
2.298403410053362073e-01
-1.219996593683466468e+00
-7.330349736500746394e-01
-2.959804404569210678e-01
6.822316158823772403e-01
2.089717629918867725e-01
-3.534676990410187680e-01
2.871293097839218156e-01
-6.167240954284166632e-01
1.065017046961886926e+00
-4.211122853085652040e-01
-8.064029626837623255e-01
2.218456516796041278e-01
5.584016482684145410e-01
-4.418057052651391814e-01
-1.118453192963302145e+00
2.365254366602393521e+00
-5.936767470213918374e-01
-2.472013344839092852e+00
-1.857577520941086524e+00
1.666865736939243114e-01
-7.804635283947423119e-01
-1.981873178938226676e+00
2.010686161553982068e-02
-3.843747825281213643e-02
1.468438037091639448e+00
1.066792615203415950e+00
4.694503759664860887e-01
-1.185710230668452603e+00
8.819904363143100945e-02
-2.419975206238232923e-01
-1.650738615928665221e+00
1.522871383667463718e-01
-3.164863043608839854e-01
-1.248352551144130684e+00
-4.937670547180450509e-01
-1.424521951027219790e+00
-6.665245122758706176e-01
-1.494323953126460491e+00
-6.581907776361424212e-01
-1.967173994682897664e+00
1.116888552441939408e+00
-3.658543618605301639e-01
4.233352433367368883e-01
-9.065402230438253384e-02
-7.031424505138215153e-01
-8.402069703882126817e-01
1.808352009070661959e+00
-9.788931182928618802e-02
1.389907049161215102e+00
1.583902486341901783e+00
2.968065072735526222e-01
3.916078791105454537e-01
-5.501872965760700174e-01
-8.965292205293824424e-01
-3.529413338934463962e-01
-1.319590940490633191e+00
-4.399062158871704931e-01
1.289670600500464337e+00
-9.582171795306168027e-01
1.837756732167522333e+00
8.638958631665466514e-01
3.310947889156894419e-01
-7.391262576744738189e-01
7.882314535759446517e-02
-5.656332748622260320e-01
4.456572559129328703e-01
-1.485688402586053058e+00
4.838371078839160400e-01
2.144850064561385050e+00
2.076536535530875582e+00
-5.240644140179993027e-01
1.036058548643279842e+00
-8.739533821489544607e-01
3.948302906519037259e-01
-1.214972621409549758e+00
-1.108125328427677969e+00
-2.593082822289668687e+00
8.378227659281238804e-01
-3.159597906333320716e-01
1.231521111586783901e+00
4.440543863066185315e-01
6.428042993283176187e-01
-5.863710638828739663e-01
-7.260743950177029893e-01
-4.376721493193309054e-01
-1.591044413598664553e+00
9.011118856866214832e-01
-1.794882212237050856e-01
-3.165963186551005726e-01
-4.620966123834754358e-01
-3.064336062225395674e-01
-5.352727501763685503e-01
1.156349662116038290e+00
3.729993954033766212e-01
-1.027212552843894455e+00
1.358890662193585064e-01
-3.884217749629914063e-01
-9.118003529417600950e-02
4.953400186510635850e-01
-1.469493265594322251e+00
-9.478521936978117068e-01
8.125349364415970221e-01
-1.813228559872901921e-02
6.615343056721513237e-01
4.098072750406292486e-02
-4.575458579191575836e-01
-1.196805007332925275e+00
-1.705789305584246573e+00
-3.228721984672982548e-01
9.756805732926643326e-01
-1.117465993172655381e+00
-7.000937832145742723e-01
3.496351322150340057e-02
-6.343361462961899511e-01
-8.871677416435893582e-01
8.695625923307471750e-01
3.509157649405136858e-01
-9.876331061298965208e-01
-2.034097955203407970e+00
1.392265269247406012e+00
9.684079725714327402e-01
-2.065431959440271470e+00
2.380133224450713125e-01
-8.344664538366100004e-01
-1.356952340776367061e+00
-1.515039013776707577e+00
7.581188475103743940e-01
2.484833517626856281e-01
1.398193744042748765e+00
1.536619502082053224e+00
3.865738921943907835e-02
1.966052275469896624e-02
-5.701553243806450899e-01
8.317784861999152346e-01
6.867488103135838129e-01
3.522232824362133141e-01
3.580068534043381767e+00
9.267072395124792417e-01
-2.364082697487756429e-02
-8.147858491502112388e-01
1.990118406976417176e-01
-1.191133155189009640e+00
2.506424867184892102e-01
-4.585035038660111306e-01
-1.891286627759769245e-01
-6.597990072927975014e-01
-5.463379336274396536e-01
8.358731450726216219e-03
8.681844220185456207e-01
-3.180398672681936656e-01
4.571566299501909070e-01
9.223150066600059871e-01
-5.177391621667302296e-02
-7.220986880237274530e-01
-1.101537309838685363e+00
9.590858533284016829e-01
-4.492627474006711807e-01
8.637123208736399160e-01
-2.469290176935944991e+00
-1.610736826825599044e+00
-5.841833048112958782e-01
1.190705219522616640e-02
2.331403085051140800e-01
-5.561902291809889265e-01
8.044610235335881709e-01
1.283226356197086027e+00
9.851811832923632606e-01
8.578353628142867948e-02
-4.146159321759422811e-01
1.202742565273939024e-01
-2.457359220612645445e-01
-4.001888319535437666e-01
-9.119072984996472453e-01
1.105539671426192694e+00
1.290310070872950354e-01
1.325018494780764611e+00
-1.057919375842715226e+00
5.979442802193560835e-01
3.485965936965129131e-01
2.234901310704961175e-01
9.072718274220841206e-01
1.065862031802565113e+00
-8.799793843501386714e-01
-3.341938195227990849e-01
8.852988169861705225e-01
3.812504211526023257e-01
-1.703611910966900123e+00
2.032832575023209021e-01
2.000769614392927664e-01
-7.892867345719797312e-01
-7.467240048278870335e-01
-5.565938360172109078e-01
-5.126867318493222303e-01
-1.104017185693576097e+00
-2.114809047975489076e+00
1.540519627090721766e+00
-5.967844577797877248e-01
4.745532950559006036e-01
3.816940074708240482e-01
6.583437110784620683e-02
-2.682721116714883447e-01
6.246748192237769892e-01
5.272740602103148655e-01
-5.225580244213037240e-01
-1.675199644930912113e+00
9.999149068820573083e-01
-2.127835592159388056e-01
5.868802620928884606e-01
1.004771239827981555e+00
-5.738392267129421853e-01
-1.017844004416904452e-01
1.479611665159757672e-01
-5.189150204149445278e-01
-1.454910247566204295e-01
-4.287397360585138428e-01
-5.374129429325387175e-01
-3.205836528508360650e-01
2.371436382440490931e+00
-4.835627397922208637e-01
-2.673013131326015257e-01
4.486102435774610986e-01
-4.503701708862718478e-01
4.376095310803267413e-01
-1.099213459127315051e+00
-2.537251789904539367e-01
-1.413614535493777358e-01
9.539901206027726621e-01
8.183234693350350808e-01
5.545882193106498326e-01
3.603927439078613570e-01
-2.517067038872258244e+00
-8.422265152646918329e-01
-1.824693202951238602e+00
8.102503171767595491e-01
2.501572774280760858e-01
1.834408611716477622e-01
9.401276129032647422e-01
-5.333810762397861449e-01
-1.803134457788218015e+00
7.626747938468043664e-01
3.621335723768238646e-01
3.842313149058537713e-01
-1.454368049297457333e+00
-1.733963391214385363e-03
-3.864854627422056321e-01
2.325667504982819711e+00
6.042362479316644164e-01
-4.775900509918692416e-01
6.917723911252462998e-02
1.320347353667333135e+00
1.558286670379039895e+00
-5.257001693208367410e-01
-7.064387130064946341e-01
1.064677369143421704e+00
-7.299572974656694246e-02
1.517498189623041727e+00
-3.584586691969542382e-01
7.180752958711899003e-01
-6.418110056380026407e-01
1.520720248844077194e+00
1.324592338722248297e-01
6.828340969817117134e-01
9.504829138603468341e-02
-1.373245435049887941e-01
-9.488649783529885529e-01
3.085159566096664085e-01
-4.407991201587358465e-01
-2.352755557937601161e+00
-2.396418344527758149e-01
7.335115219872717640e-01
1.654367528574969493e+00
1.254063374554582388e+00
2.597641965674206688e+00
1.546662994844707484e-01
9.625073794645544467e-01
-1.700662880650779085e+00
1.084510010050454692e-01
-9.454949834694863497e-01
1.170984530897527298e+00
-1.482582844816631829e+00
4.044421194463194147e-01
-8.025917894811620545e-01
7.708110383506994179e-01
-6.037157824150772845e-01
2.639061739752075475e-01
-9.923127402095784921e-01
-9.915292793193917209e-01
9.451139487601039058e-01
-2.617546485446765603e-01
-7.198817059280573361e-01
-9.411621088955082204e-01
2.159336534235805904e-01
-7.301959752954017002e-01
1.646112862001652077e+00
-1.732304024432249623e+00
-1.903039010644068219e+00
1.378458480562482213e-01
-2.396154095602374690e-01
4.325931318888280863e-01
-1.113370942833028093e-01
5.437952334353562955e-01
1.551364951539088988e-01
-1.126781831582921445e-01
5.346610927033794702e-01
-9.493667951870136124e-01
2.227609236706302176e-01
-8.973444976124120842e-01
-5.313107149577473987e-01
-4.025613847770389553e-01
7.599066725009299139e-01
-2.206422610472485335e+00
8.271026260330340829e-01
4.279786131979422537e-02
9.332795166358930361e-01
7.860178775486758029e-01
1.321101081781300701e+00
-6.532968166453774206e-01
1.710519803104093017e-01
5.198395076794426473e-01
-2.564885942482300063e-01
2.270809180175752673e-01
2.452872837388077321e-01
-7.171398210604307266e-01
7.640552115828205260e-01
3.912026197411917483e-01
-8.216135601032907854e-01
1.760557101877116559e-02
1.667068757046821670e+00
-4.594686578358784801e-01
-1.654965481378443959e-01
-2.355548820692066891e-01
1.321864427916343843e+00
-5.916216029438523538e-01
3.335564304725157636e-01
-6.841854941732394835e-01
7.149583291960390774e-01
-6.492220650039600693e-01
5.895842478032867762e-01
7.728733747979655844e-01
-6.885658804941552358e-01
-4.057576418500732363e-01
5.744905053318870580e-01
2.137957008133559267e+00
-2.090744885950861498e-01
6.213177495025334895e-01
9.925333522061633440e-01
1.551031685544820571e-01
-5.522589489563403120e-01
5.787190676264755140e-01
9.649934297214600720e-01
-1.016364701043827035e+00
-4.700008215685456125e-01
-1.065321349972616849e+00
-1.122295039267469319e+00
5.835299996033157521e-01
-6.812918531906283492e-01
9.528586892005195264e-01
7.101543061392066869e-02
-6.443031901908662373e-01
1.197578153889402586e-01
-7.464327416974176899e-01
-4.914825852409902135e-02
-1.723377968413064121e+00
2.571904883004476616e-01
-9.337743851249159510e-01
1.417224796942809784e+00
-3.237498414034957750e-01
1.658128534572056445e+00
-3.908025464199920695e-01
-1.151346485741006509e+00
1.815219346948627299e+00
4.148974727796964634e-01
-7.725632415485582660e-01
7.223719632304398397e-02
1.451510746650860995e+00
4.170261246202548455e-01
-8.885052658012053406e-02
-5.389592461775243315e-01
-7.024638131070323199e-01
1.575488264603312816e+00
-4.731888040367018822e-02
-1.623924590800564616e+00
3.673990103433119603e-01
-5.509347248687433002e-02
6.708893410384985101e-01
8.739478549236123772e-01
1.099723464774380544e+00
-2.413985887855434054e-01
1.719128865793443164e-02
-3.696106214201106965e-01
-1.191370161708243530e-01
-1.208003216641481137e+00
8.832853332737323759e-01
-2.327967822510205731e-01
-1.800781966844948068e+00
1.242106453689123757e+00
5.485024379957934570e-01
1.960808537512690908e+00
3.116288995303099774e-01
-2.491252764700098987e-01
-3.377912117334029851e+00
-3.074749137844644320e+00
-1.003316693210973970e-01
3.104468686813605660e-01
-1.367832731032541993e+00
-9.763213814844650118e-01
-1.628044027184005982e+00
-6.633576576068869191e-01
2.042987210108539120e+00
-1.138193292713164828e+00
-8.605296667985591619e-02
-1.171190694897930928e+00
-1.483647555168523313e+00
-6.870091775601959716e-01
8.445501480357947566e-01
5.164028863308531836e-01
-9.150019178934213349e-01
-8.948862709839291441e-01
1.982710698118221038e-01
3.448475634173411297e-01
2.090555065850999039e+00
5.904268055652326375e-01
-2.181931396580338300e-01
-3.355171478710904376e-01
3.594077987301169119e-01
-9.486172151810076114e-01
1.609541306375025238e+00
-2.269400320869677246e-01
7.964325824498217354e-01
-1.771159212223917256e-01
5.706721770467075572e-02
1.113661558577293098e+00
-1.461230167643102762e-01
-1.148458723279222937e+00
1.550470604237522032e+00
5.898887673920705232e-01
4.323482377092560114e-01
3.368310504648219100e-02
9.790157624387741953e-01
5.096670850493006943e-01
1.337993048797383899e+00
2.685310871897387819e-01
-1.533828248029161234e-01
-3.219548967684585095e-01
-3.403591050514867544e-02
-7.195177380580457527e-01
1.351598443897373603e+00
-2.154414951827101909e-01
-6.989087686406494360e-01
-1.556328961650568776e-01
6.472226750072893608e-01
2.513727370065070299e-01
1.762237024473135127e+00
1.403804774278154428e-02
-6.482585548919408414e-01
2.722379103869350114e+00
1.238599529948974265e+00
2.055975407556913215e+00
-2.375830989589576281e-01
-6.677372917935762153e-01
-1.713002240236309870e+00
-1.096040209529432152e+00
7.401190907132304542e-01
3.079892045736145612e-01
7.761158747728891250e-01
3.196009108809229615e-01
1.626499345039946198e-01
-1.896398029398204343e+00
1.410287593101698711e+00
9.974209449095636781e-01
-2.093888477410726923e-01
-1.195815505768728082e+00
1.347722771621033155e+00
4.257835679591087663e-01
-1.973324985326431469e-02
-1.572589987669762157e-01
9.305270281040577407e-01
1.793163927946808331e-02
8.091179557113663545e-01
-3.589963849632344939e-01
-4.132367259795259318e-01
1.182363930295636523e-01
4.943416592022136791e-01
-3.197357277174596724e-01
-5.501314463391712151e-01
-1.196599283224077492e+00
-2.176831640073965346e+00
1.946374112427903535e-01
1.340806121039159748e+00
-3.449695138683912532e-01
-6.899739147573535902e-01
6.991944281239331760e-01
-7.012381344410616446e-01
1.415380038630024817e+00
1.513530531971828630e+00
-2.772829204064293229e-01
-4.171794979542735593e-01
-5.615407114069946859e-01
-1.396530265413541638e+00
2.517224978602025653e-01
4.190192201888568446e-01
-1.326443328854094883e+00
1.333769308640417317e-01
-1.267217989202242823e+00
-6.299013715925435575e-01
2.640087660502427602e-01
-1.668445325044044525e+00
-3.283421227095456585e-02
-4.529638002487341997e-02
6.778828968404296829e-01
-1.047528633444417157e+00
-3.284779930694645689e-01
-6.368504158478718868e-02
-1.300355557953516428e+00
-1.004198900721879895e+00
8.493780494865428299e-01
-4.000869311519347216e-01
-8.577780833584832676e-01
-6.826294372383160391e-01
6.725837514782506688e-01
-1.278999214464104472e+00
-9.091408367839871885e-02
1.353189331264486261e+00
-4.463158865768409034e-01
-1.439006846818481344e+00
-1.687235781043480431e-01
3.180555553486886233e-01
-5.398371051938247733e-01
-6.202451832633860268e-02
-4.602367639347702127e-02
-6.951275656815757431e-01
-1.183029218142034100e+00
1.737944048533242247e+00
9.586806400268532702e-01
6.041084225646961015e-01
1.084191887381980468e+00
6.917259664776037598e-01
9.021660808844416124e-01
-1.835053798997555718e+00
4.893507220208310193e-01
1.527250121126773497e+00
2.937411451269401064e-01
-2.853640860827069692e-01
1.803227744972461244e-01
2.933893698267874828e-01
-6.084270746628789306e-01
-8.173045605045804463e-01
-1.341162983060884273e-01
4.397533271305690827e-01
4.300120480672075529e-01
-1.215721566699007328e+00
3.275096175265327592e+00
-4.413914622375417381e-03
-3.691528398306633818e-01
-1.135781533359996542e+00
-2.339942460526489298e-01
1.737418140571967695e-01
1.495604972408537847e+00
-3.870928107645161265e-01
3.355480271860616925e-01
3.950820173584333739e-02
1.409325957926713113e-01
-5.775936171009536935e-01
3.892772684053060622e-02
3.557523692856427999e-01
1.391705255518759898e+00
-1.183484400902806710e+00
1.442658300385620374e+00
-4.886842512524752768e-01
1.446502055311078117e+00
3.875093450365878905e-02
-1.131533514359542192e+00
7.775526163468340357e-01
-1.228992653072291524e-01
7.573887760022544047e-01
2.145572047032085816e+00
-9.753709419558345139e-01
-5.170110371387749426e-01
-5.430949074661376580e-02
9.736328970652079473e-01
1.161986839201026189e+00
3.763651622481364312e-01
-3.977620556964521770e-01
5.788081709395015428e-01
-5.347952859877985743e-01
-1.253805473920682756e-01
-1.172546498223832501e+00
8.457741729338994485e-01
-5.853144255250832817e-01
5.261023045301719270e-01
1.275290455337625861e+00
9.524571427262359391e-01
4.676576360383957742e-01
-1.502938598208456211e+00
-1.450841796226815861e+00
6.847223722302313575e-01
4.261054594814604468e-01
-5.715588633650672268e-01
2.148505961430205780e+00
8.981689839605352388e-01
-4.693838922909202016e-01
-1.102964248268915259e+00
9.801743116145754664e-01
-2.263678427485957545e-01
7.272719733797741726e-02
1.174078705664295397e+00
8.733017580620936471e-01
-7.931677297692892870e-01
-2.595888237922947539e-01
3.785001602025224177e-01
6.304362411495922913e-01
-2.234986260155734372e-01
-2.103091096407759542e-01
-1.128065494268525037e-01
8.278359928078262708e-01
7.574331169745529557e-01
6.018647832802952700e-03
-1.380066013909806211e+00
-1.994097308266760793e+00
1.497241328408139616e+00
-9.940059549847953813e-01
8.267957469635545120e-01
1.403094555301819035e+00
-4.292875635404170276e-01
-2.717673326253196575e-01
-1.508267092365572992e+00
-1.004471066740398877e+00
9.121773599994059678e-01
1.998851587812311870e+00
1.635673314860842886e+00
-2.203007786601989537e-01
-1.738887324285770086e+00
-1.397811646359362059e-01
1.343099806389644879e-01
1.009754122404391108e+00
1.398989020408293538e+00
-1.464642950550428369e+00
3.136281475484179460e-01
-1.623595657376781798e-01
3.083659902076781645e+00
2.000883377765934501e+00
1.031964304360040996e-01
5.002222621533571889e-01
-1.212055519023799377e+00
1.284871283220028859e+00
-9.538869108989086465e-01
-9.891998726307108525e-01
1.710508541953197348e-01
-8.240335114920289694e-01
-7.299646245834731650e-02
4.890641809541064478e-02
3.332087908740523630e-01
5.024302508354869801e-01
-1.027825471424757137e-01
1.153043295358322284e+00
-3.716560271584125608e-01
1.214829842689478800e+00
1.548357255615305239e-01
3.336896210875647806e-01
5.678736090910264656e-01
6.180572655178159236e-01
-6.873483530664978858e-01
1.133065795868702041e+00
-3.323333161388847823e-01
4.460926160572021848e-01
7.187070464301344996e-01
1.407714701776385802e+00
-2.753027283767553457e-01
-5.973566873494583207e-02
1.713068886632863330e-01
-1.921276341859114722e-01
2.048470363169787145e+00
4.732725209116647735e-01
-4.420252606676554619e-01
3.062466186195659246e-01
3.024205725205644235e-01
4.191073761894481553e-02
-1.529032892894253592e+00
1.102263051166361363e+00
2.810097141507830187e-01
-8.335947449244078822e-01
-1.950478260301728772e+00
1.457598278865025243e+00
-1.966995237161390242e-01
4.419952200647828122e-01
-8.597559976169423246e-01
-3.025457344383575831e-01
-3.941492458950598410e-01
1.435342184903320328e+00
2.946782334308482021e-01
-1.017291797308993440e+00
1.093561355239450306e+00
-1.998874981189734390e-01
7.230098576259663679e-02
4.764858951262100906e-01
2.189112736074635635e+00
1.086146494078517488e+00
-9.312583619258467671e-01
-5.678495457601782925e-02
1.749230594557060314e+00
-5.763694715257814405e-01
4.188352409671879384e-01
-4.121212694998021564e-01
-7.696869974790127023e-01
2.454845207400369489e+00
-2.854023739866419773e-01
-9.113237856077136545e-01
-2.536500107370072699e-01
3.926593011834875746e-01
2.675384494397389790e-01
1.327804281292815469e+00
-1.580156363631402217e+00
7.690466843431987831e-01
-3.257262977338326038e-01
-9.375645523773560308e-01
-3.742169365327346984e-03
4.010044001289349985e-02
5.160938841643266661e-01
4.506012927067709617e-01
2.011091651807066949e+00
2.223005339032350758e+00
-1.477502239481470525e+00
2.691545506882348615e+00
-5.408101233718951573e-01
-3.862415766294615554e-02
-1.666401011968511758e+00
5.314197387931757222e-01
-1.288384359697481552e+00
3.986055940439003908e-01
-3.432585730426515047e-01
4.634353850621673598e-01
-9.404807713985728901e-01
8.828290762781286771e-01
-2.911043207038389036e-01
8.383792376406618008e-01
-9.654465035567995068e-01
1.353340817593535972e+00
-7.668662420437184490e-01
2.189362610603205805e+00
-1.455265276565860466e+00
1.177955396143693489e+00
-5.115079676422743526e-01
6.902159572915538277e-01
5.522643506965294602e-01
7.428192103818969105e-01
-1.014892726663285227e+00
1.439189164162364643e+00
1.156910510332856301e+00
-9.903317266442769329e-01
1.920952608165414022e+00
-1.673391151472847005e+00
1.035177016705792763e+00
-3.070309599838236814e-01
-1.187931401564697342e+00
2.028020607642364859e-01
1.395955017047281199e-01
8.071614679547117754e-01
-2.935045205139710789e-01
-2.036020516742647057e+00
1.107751818312854963e+00
-1.768564462695753736e+00
-1.479827530480506859e+00
-9.671686525570627468e-01
-6.915019783452576174e-01
2.880089521206180336e+00
7.238935245189014045e-02
-7.140219471940788543e-01
-2.847524137347767770e-01
-5.120952947388278664e-01
4.744746129180177352e-01
5.943419195274391997e-01
-1.246504158506760662e+00
5.245834378210866289e-01
1.525562106933917861e-01
-8.670736486073621352e-01
7.569448144022367098e-01
6.261607259374172285e-01
1.313327173883932497e+00
-8.432254740024910378e-01
1.164714269635623412e+00
4.743932236341393271e-01
-5.441910574576436233e-01
-4.889055013709084907e-01
6.346424194270576802e-01
4.567938237181696781e-01
-6.738621220644799292e-01
6.987103157805877318e-01
-1.202814010161810110e+00
-1.020892281307640564e-01
-4.991375280193325881e-01
8.703017678909975574e-01
-1.296630960751882222e+00
3.031523436331581278e-01
6.759703347087518965e-01
2.393072225952599386e+00
-1.311010744060477906e+00
2.772189007687237416e-01
6.264336826772753941e-02
1.009068507126600789e+00
-9.499798060537208988e-01
1.559945677399534603e+00
-1.258528110796339750e-01
7.366698960700158727e-01
2.584069987708287552e+00
3.172431847611439926e-01
-2.241705110350603380e+00
1.244064502006644535e+00
1.266945242749659251e+00
1.513381935451532767e+00
-1.863846942581260269e+00
7.777659155192349072e-01
1.516995484170580166e+00
5.949446609958698451e-01
-9.157437548421802631e-02
9.025725255682536252e-01
-6.588574551707003790e-01
-5.263055821666233758e-01
7.773639133750526176e-01
-1.741261033598604513e-01
-6.030618080332513786e-01
-1.151692915981787468e+00
-5.483023287588467687e-01
9.061416141035332217e-01
-1.355418765620062693e+00
1.383037085519290610e+00
-8.967968442595773970e-01
1.825226520437056021e-01
-3.835472115674569693e-01
6.292336012222623509e-01
-2.332051215014002921e+00
-2.802690926826743034e-01
7.532426765687261216e-01
-1.736487545824078604e-01
-8.307978386433498841e-01
1.241561443869438675e+00
2.050609846495989042e-01
5.944922153243989982e-01
1.592128423401131809e-01
7.016979576433467480e-01
-9.689565738437751208e-02
-2.103595090660124178e+00
5.822288016905984298e-01
8.695006413686043878e-01
-1.325061805153691541e+00
-1.399756946247824096e+00
-1.553127358439522210e-01
-5.167530114570724198e-01
-7.535717382427465916e-01
2.377543627181140096e+00
5.782897230006129874e-01
1.847107489296277438e-01
-1.821435214464557806e+00
-7.424788742445992407e-01
-2.344354177182301491e-01
7.261360632660871506e-01
1.822871695460528407e-01
-8.445848738247745402e-01
-1.738865478994349401e+00
-1.018783436494968386e+00
5.023233914690672375e-01
1.283096967289784729e+00
-1.437302400397587165e+00
2.671395008009923022e-01
-1.368167665799808974e+00
1.416207618155655990e+00
6.984055689746430096e-01
-1.527587928927646999e-01
-4.824924217016569039e-01
-1.114121738170240183e+00
7.597035438159374099e-01
6.193610996818684766e-01
-1.248592161140505086e+00
1.408065528243088949e+00
-9.464804812310115875e-05
-2.248956447052246066e-01
9.193971977408827989e-01
-3.746007735512486003e-01
-8.909813665311664410e-01
1.645771091051859147e-02
2.049861395103415584e-01
4.486002642884887592e-01
2.099540204362647433e+00
-1.338634690488800461e+00
-7.460223953488497317e-01
7.156571292149094266e-01
2.270743264270729256e-01
9.040530548784806442e-01
-6.224384888925810211e-02
7.543654392562805233e-01
-8.892785365147549970e-02
-5.099620522044833182e-01
-1.339337361476423904e+00
1.173132721005465617e+00
3.800925686454134644e-01
-1.139883721289308566e-01
4.699435354481695803e-01
-7.046748631094628124e-01
-1.012006719135851718e-01
-1.623272881895374775e+00
-1.047622747340095195e+00
3.555508835370874698e-01
3.118261635653026276e-01
-9.479214255463019878e-01
-1.636594658076734543e+00
5.880980507045774353e-01
-4.120793012997280846e-01
-7.386430739392513267e-01
5.994825021254639175e-02
7.397133433855358486e-01
-4.734739744309343079e-01
1.148363656473606387e+00
-3.339302131418500630e-01
-9.452521946607109760e-01
8.024672757631807762e-01
-6.429901885604493161e-01
1.132138672036475002e+00
8.929271109215840552e-01
1.334772722996175665e+00
8.552347099706625322e-01
-4.275918792770514454e-01
-7.803988376434783936e-01
-9.162030959986950940e-01
4.410963032531181049e-01
-2.426530375185704358e+00
-1.859505546641122553e+00
-2.087734878439326369e+00
4.452106234530876089e-02
6.850254338121108955e-01
1.801470299775498995e+00
2.811931388216158956e-01
-1.447082076027363454e-02
4.488649574836247047e-01
1.711294843257814335e+00
2.914411134720623076e-01
1.370066395155167038e+00
-9.544087499714652978e-01
3.781458280073294320e-01
-1.568769501069542160e+00
3.798030957556942089e-01
4.281818913931209059e-01
-6.425906547793489576e-01
2.933678970335380942e+00
-5.445753075531735155e-01
6.501869302518068494e-01
-1.325077463089182617e+00
1.183153235413340498e+00
-1.213686684320504527e+00
6.456851730284867297e-04
-5.088992412306029278e-01
3.146379295191901182e-01
2.641922482685412077e-01
-2.901537516760930302e-01
-2.056049207723394806e-03
-1.058859779003998476e-02
9.537231080496545443e-01
-1.714304945050390216e+00
-8.305908064004856595e-01
-1.887653978912195996e-01
-8.309989035655593881e-01
3.202675149506341579e-01
1.342106910154140964e+00
-4.800755722893101929e-01
6.175013176280892413e-01
4.764206873887815719e-01
1.871231366137385166e+00
-2.247280328605388622e+00
-1.026121491353851223e+00
-6.438730782451743684e-01
-4.025356721998934462e-01
-6.123960186799447536e-01
3.569744056584879810e-01
-1.311419122911611779e-01
-9.102384921257981043e-01
-4.378536424440066521e-01
1.402422458783540327e+00
-1.134997925896572557e+00
7.882732186820414766e-01
-1.974199291446521454e-01
2.841882720106953669e-02
1.605337087278992714e+00
-7.194432028267963020e-01
-1.144576421729068122e-01
1.033611036801801220e+00
-7.595444717143525759e-01
-1.121568476777528162e-01
3.113482853187761745e-01
2.344059267021260384e-01
-2.506076517827636740e-01
-5.660041598283309383e-03
-1.892309520798308498e+00
8.461567185650573641e-01
-3.134356113945072631e-01
4.049321499701719618e-01
1.551619559536079773e+00
-1.038743891712510914e+00
-5.813488379548018559e-01
1.185057628058470813e+00
-1.560943317764732274e+00
-6.686946395793497144e-01
-7.219600954459950981e-02
4.137090289396181952e-01
-1.318940336576218009e+00
-1.067320082203319226e-01
-1.788889973881050643e+00
-1.502698233660664018e+00
-9.676056145907703243e-01
4.714957454850973728e-01
-3.675983924577920781e-01
1.966964953886302658e-01
-8.731863855610301206e-01
2.211481603582830524e-01
-9.614630118677718329e-01
-1.107135102158502304e+00
2.124840277714697689e-01
2.500352799161536521e-01
4.234118343465609335e-02
-5.655229777992759610e-01
2.609616136066219561e-01
3.344484041673854713e-01
-6.121153290975776297e-03
3.104778702501172494e-01
5.561669318104788262e-01
-4.006571298080907062e-01
-1.008135931522162521e+00
2.313862709937559270e+00
-1.677350885951422454e-01
6.443513793389880062e-01
1.426858097934817327e+00
-1.924284552421126726e+00
1.687439775543458031e+00
-1.489147869242458899e+00
-2.859578608574002145e-01
-1.336773071298046123e+00
1.288260832973855852e+00
7.419818261089355937e-01
-6.523963980010829555e-01
1.009518783893042615e+00
-8.659752477158303430e-01
6.477394002533060080e-01
2.061014860187471986e-01
-1.345205681826409760e+00
2.620747351708423989e-01
1.254588286998142288e-01
-1.696182256534737975e+00
1.254676891236111425e-01
3.993615370389644870e-01
-1.280136704832656735e-01
-3.240119290709243538e-01
1.893921855175374480e+00
1.204608946007607928e+00
1.124058875997854701e+00
5.703350445662913604e-01
2.109853504794497250e-02
-1.681914375685054752e+00
6.797992592025519087e-01
6.679125731664987686e-01
-1.730733400237079778e+00
-1.401572383778845632e+00
-1.155213612459917577e-01
-8.470321984605851950e-01
1.334353930464231563e+00
6.122149265158521869e-02
-2.587701722699332074e-01
5.970296207727635585e-01
7.653406362154031584e-01
2.524172550563561490e+00
-9.622565294324130214e-01
-1.791224398943710161e-01
1.527489751872764367e+00
5.545787742150011246e-01
-2.082793242528583555e+00
1.395221580795733107e+00
1.383096124763109336e-01
-5.133464718767448698e-01
1.754860730917097156e+00
8.730947803848533306e-01
-3.737368339812336404e-01
1.434515257444803904e-01
-1.162688300051723411e+00
5.729853178806487701e-01
6.602848928129910755e-01
-2.017905277583443568e-01
-8.469587275962280337e-01
2.837126895080119837e-01
8.608354187681026559e-01
-9.622513851472784818e-01
1.277278298115516630e+00
-5.134203445857603576e-01
-1.440514678285602646e-01
-4.240130291144850183e-01
1.448589897867118281e-01
4.227432841051102508e-01
-3.659211581583300399e-01
-1.795924726618648881e+00
-2.379541195862308334e-01
-3.512078948967724545e-01
-3.352404771669840744e-01
-6.934034265853765699e-01
2.079381375405577881e+00
4.909820395436612778e-02
6.416650120055620299e-01
-3.975548968844200837e-01
-5.858063344706704312e-01
-7.086642736485437855e-01
1.229031098519610010e+00
-5.397256831146528787e-03
-1.749239925337977564e+00
-6.202699254153493796e-02
-9.478363610917920345e-01
3.413418688787015487e-01
8.911635415285133754e-02
1.518282400816509392e-01
8.824410556902018143e-02
-4.110598941098199122e-01
-8.057387934310820121e-01
-3.953667120321479600e-01
2.066873970753314860e-01
-1.072782667537691692e+00
-1.407079848502793107e+00
-1.117128411010336553e+00
1.469686661732052979e+00
-6.017496555827025473e-01
-5.631385825051890004e-01
4.574505854967386154e-01
-2.680317677223329476e-01
-1.931481917333761844e+00
-7.748858414961160568e-01
7.909273889256456247e-01
-1.232662483834223027e-01
6.447695048312730437e-01
2.256640360133307155e+00
-3.838279413622274205e-01
1.362889684417817882e-01
7.821434723859982396e-01
7.071091924675210194e-01
-1.717763870696808137e+00
1.696834713932693361e+00
1.180868499249399850e+00
-3.380298265846697348e-01
-2.020453211629735346e+00
-3.617680916544260272e-01
-1.240425511934438729e+00
8.120895700156884889e-01
4.605283703401938933e-01
-3.406628039394264396e-01
4.722787425757053459e-01
-1.749978802227079466e+00
-1.197650715608925109e+00
-1.970161249411980509e-01
-6.609198253482894136e-01
-8.990284420978088553e-01
3.156970188801426214e-01
2.575930742872594714e-01
-4.421648514724665358e-01
-5.075945956291041394e-01
-1.513384579958748644e+00
-2.916547905723480549e-01
-5.733803831562885867e-01
-8.557598675499976659e-01
2.610106576012264590e+00
-9.447235656795989200e-01
7.125054860088513020e-02
5.388062140103691000e-01
-2.133259600058362793e+00
-4.208024086204481540e-01
-7.675224609112812901e-01
2.336224948184963068e+00
-1.190396831063810001e+00
-4.108445571817455622e-01
-1.080172474451194242e+00
1.372688155369125695e+00
-6.142201274756453611e-01
6.689066227007344212e-01
7.717536230039492295e-01
4.102298302381588435e-01
3.390409347637323711e-01
5.618205804640002965e-01
1.845507102392269366e-02
2.431407932615394230e-01
-1.949894441271862178e+00
6.173287937928596536e-01
-3.629296549760533952e-01
-6.021547514920859712e-01
-5.298964781050451156e-02
9.609556788032014296e-01
-1.280925734113495418e+00
-1.749812061915491657e-01
1.030400752187240920e+00
1.604025537504476240e-01
-2.827100843047326752e-03
5.253900609108368425e-01
2.023632620041808938e-01
-3.159716298710352200e-01
6.109784628025853870e-01
-2.887110096956663208e-01
2.011826564552061380e-01
-1.012984427318756264e+00
-6.466491077108745822e-01
6.230712368689931280e-01
1.412526539791151947e+00
1.824331838726358235e-01
3.320049249475669900e-02
-9.618221714105397446e-02
-6.375057370447579919e-01
-3.735284039240278908e-02
1.033232804280915129e+00
-1.530740891076275423e+00
-6.957639387732336145e-01
4.022651305956557177e-01
7.994819948390020636e-01
-6.648498606890255180e-01
-1.064747921284586590e-01
1.625618613375907906e-01
2.227814022455736620e-01
1.124467408998147899e+00
3.114023402055735579e-01
-1.884209461534274155e-01
8.756923320331749805e-01
1.442898468640951171e+00
1.893596737607782798e-01
-3.842670020468701431e-01
-1.072853076946144874e-01
1.367684049783169042e+00
-1.086504516827170086e+00
1.343898665859248664e+00
-2.685100482777011965e+00
-1.828066228585609299e+00
1.499670926077681044e+00
-1.016987075128270163e-01
4.591399750355893428e-01
-8.009821791261915180e-01
-9.416977050855741549e-01
-6.312359165569587649e-01
1.846351697920963097e+00
2.611679913509733914e-02
2.488738439834489030e-02
-3.907132814946203125e-01
5.537207201933923573e-01
-3.981260549209082455e-01
-1.532719909851601114e+00
-9.747739895891244233e-01
-1.844871396314317291e+00
-9.427142329642090868e-01
1.053301801281658623e+00
-5.519798608683414987e-01
-1.651208936937102356e+00
1.829045556923431404e+00
1.364000834704671428e-01
1.234921892368395335e+00
-1.410476786467161348e-01
-4.553177123285757633e-01
-1.115202572131816838e+00
-5.066750930561583210e-01
5.691696054342894329e-02
2.580488907974581303e-01
1.877724484924635506e-01
6.095088250796188989e-01
-5.311810721943296260e-02
-1.022957336332434020e-01
-8.140520409946282454e-01
-1.454131353506072089e-01
-8.646915587871438769e-01
1.217839653895515406e+00
-6.721793716459836254e-01
1.250913676159165711e+00
8.389183567015509602e-02
5.789149892553973054e-01
1.651798805317972629e+00
-8.083591428550018776e-01
-5.156446344103911006e-01
-2.538556867386111193e+00
-5.750978575726847786e-02
-5.080953788276121319e-01
7.253582550410028751e-02
3.965743593085263585e-01
-3.537918501215429612e-01
-1.061418413083199175e+00
9.400887305498327462e-02
1.715882440033876799e+00
-6.563835155467488969e-01
-3.201419617637680237e-01
2.631389598974899213e-01
6.472934424299525702e-01
-3.456787061023445240e-01
-5.372785136165133396e-02
-2.908948225507133611e-01
-1.756329571141675538e+00
3.062400208568480386e-01
2.589802623221871825e-01
-1.270798225302302464e+00
-4.372901054933451270e-01
4.662061495906538178e-01
-1.973438712969982189e+00
-7.504072378077022432e-01
5.402019795960083526e-01
1.121683175858761761e+00
6.870564137492506385e-01
-4.102135572470253511e-01
5.806828110096426965e-01
-7.785543306488995619e-01
-4.882308882749537560e-01
-4.455871648024544163e-01
-1.752303663645951914e+00
2.581081817978898574e-01
3.862494686861409759e-02
8.146500144421290335e-01
-9.539051346927427399e-01
1.855307525647836187e+00
-5.360869795482624545e-01
1.336356412302537322e+00
1.390796409996006011e-01
-8.467877741169116401e-02
-6.631115499815617431e-01
5.700938143396218072e-01
1.094457983300917370e+00
3.804438475252254204e-01
8.908618772933223351e-01
7.725782202651135799e-01
6.409935845820385891e-01
-1.535473853249900156e+00
9.342728846556513922e-01
-2.063256575921918579e+00
-1.402462329212070591e+00
-6.780276460892259438e-01
-1.066396706396076421e+00
1.320689659255960269e+00
8.965960335594338471e-01
-9.895614845285743977e-01
-7.513346901138216738e-02
1.115718361671206083e+00
-2.059724791632967289e+00
3.110748764752300707e-02
-8.573055334480224055e-01
-4.456513836068947132e-01
-4.666541281278910325e-01
3.149706824674313399e+00
-2.774272561253869895e-01
-2.381272129330053722e-01
9.849537221527675523e-01
-1.578250009338767190e-01
-2.665115153260728675e-01
-3.728011246688727742e-01
1.579191777783988393e-01
-1.020027848160598882e+00
1.904449499830928802e-02
-1.184335162614710280e+00
4.715210456861454458e-01
-1.156406483463704893e+00
-3.623231594691768143e-01
3.157636251717259035e-01
7.141755053992704383e-01
1.470217792986872052e+00
1.047802716676973667e+00
-2.166603394578867636e+00
-1.605115296407794989e-01
-8.728758757401163804e-01
4.125277415617156218e-01
1.551579074972807337e+00
8.708164702676590707e-01
-6.985554867336653262e-02
-1.203145039322102816e+00
4.433058878318395513e-01
1.354701957287178349e+00
2.805183060857632693e+00
9.045100764352309586e-01
-3.212668449460158171e-01
-2.153840190648610431e+00
1.183914893072480073e-01
-4.578466228896097001e-01
-8.344295535472404657e-01
3.270392172883361259e-01
8.647495537361692408e-01
-5.189995877945868807e-01
-3.738833971749514484e-01
4.589004141575632190e-01
2.356868900189240001e+00
3.136786814126755751e-01
-1.067743776365679409e+00
2.078479772707376050e+00
-2.796459355651067513e-01
1.228171395611727723e+00
2.374545390187232929e-01
5.818436080075047034e-02
2.645572855967809889e-01
-4.071527857757079039e-01
-1.353554801546959618e+00
-1.437648802989204722e+00
4.393263470138865090e-01
5.866616829983349879e-01
-9.924783762361018002e-01
6.297332265041584165e-01
1.132867130626974000e-01
-1.139253072489551988e+00
-1.942768490160772799e-01
2.376500405180186348e+00
4.323309858925665772e-01
5.579654596872654082e-01
1.599974910564551767e+00
-9.205021167977048280e-02
4.443411551504332646e-01
-2.199210670846221571e+00
-1.993195726884991137e+00
-6.673507953182297170e-01
-2.171420402137865135e+00
4.015447255678748495e-01
8.549397308107666849e-01
2.040674949289582318e-01
1.054270603657027294e+00
2.801829422591348151e-01
-1.085761701957890790e-01
6.856085506044399258e-01
-5.317689189377677872e-01
8.458465061658076989e-01
-2.242325132725606907e-01
3.241609564487009099e-01
1.166443006104117330e+00
1.195864808952421310e+00
5.392051696434388974e-01
-7.549729233387154625e-01
-9.371471862836958655e-01
1.183835570795319647e+00
-1.075535806160051733e+00
-1.292921491422906799e+00
-1.561694882704810716e+00
-3.340886130093732587e-01
-9.017603234863191819e-02
2.601886107906624668e-01
6.464254346986162414e-01
-4.572223570744555349e-02
-6.249961346774306481e-01
-1.681493600086233053e+00
-8.013269776774571973e-01
7.340455128439689059e-01
4.514032132012503196e-01
-1.055543196023794650e+00
-1.318803973471904811e+00
-3.801670612140998218e-01
-8.938068734747248723e-01
1.711054275787244672e+00
-1.657927470239329015e-01
2.650293975079958120e-01
-8.443256844776793335e-03
-3.326131334980154119e-01
5.487062009847214206e-03
-2.971289439042313352e-01
4.950649056066498965e-01
1.309344460025118895e-01
6.363533276412530748e-01
1.606688107370440211e+00
7.966678068847250493e-01
-1.917513744026786648e+00
1.526821138807795020e+00
-6.360878885736850341e-01
-6.519163785963905111e-02
1.369318341585101573e+00
6.979985386198914732e-01
1.488834530422089353e+00
-8.386322502823581049e-01
1.098864229648955693e+00
2.810894501124193146e-01
7.224078549487462919e-02
3.957277655742073019e-01
7.574291872864320485e-01
-6.719110441866399386e-01
-1.944436662021616913e-01
-1.050416801523555987e-01
5.561490676139974054e-01
-1.043914824024999577e+00
1.330447413985636762e-01
-5.796575755862262008e-02
2.967347719317817156e-01
8.428849163478711048e-01
3.801864179849295255e-01
-8.736061635564795758e-02
-6.142804608958157830e-02
2.869551339413969893e-01
2.145394183714515735e-01
-2.770245879101594366e-01
-2.490948193319478532e-01
4.003027460842987217e-01
-1.271873827575429550e+00
1.388645076864956529e+00
5.705413347133833080e-01
1.406341742031316455e+00
-9.749060445621862137e-01
-2.187426124276306449e+00
-1.173651150441222812e+00
-1.211794272696618879e+00
8.081034860351578031e-01
1.581600992811272588e-01
3.714322010892640025e-01
1.905895696810232298e+00
3.557327435072745181e-01
-6.897482494526115948e-01
4.932225450591318783e-01
-1.759932102625334227e-01
5.729490303583582023e-01
-1.002586882050026329e+00
-4.837478973612869271e-01
2.355461690153628218e-01
1.865671388736437064e-01
4.763682345536510154e-01
1.326257414868830864e+00
-6.043532197871503975e-01
1.013786126933350351e+00
-2.218687031307918500e-01
1.812039167428898923e+00
-2.322225823334409800e-01
9.555566533112193062e-01
4.858003508987981944e-02
-1.412220843471580611e+00
1.525221435476933618e-01
1.373290041048429666e+00
1.157669791099638523e+00
2.710792861781301244e-02
-1.528517884557639039e+00
-1.174602282161407274e+00
-5.940834299962006737e-01
-6.358590112775793779e-01
-1.176012152448285608e+00
1.566323279514459932e+00
-4.841864292648109247e-01
-8.796245994065592100e-02
-1.095982086655807430e+00
-9.258053534416432750e-01
7.002972166125241982e-01
-9.874107009651083011e-01
-1.848368440206267782e-01
-7.629642310033613213e-03
-1.785617653572064034e+00
5.545645964090104574e-01
-7.520432998711983341e-01
-1.006655320512782170e+00
4.887106180957645485e-01
-1.421362057905783516e+00
4.841696045935159343e-02
-4.665807102304644904e-01
-3.275561420033297200e-01
-3.342192128201985635e-01
8.975821753717004858e-01
-9.227168008236003027e-02
1.447301515664070948e+00
-4.587558010131568276e-01
-9.265145068999247613e-01
-9.601830405132377733e-01
-2.777921438467225723e-01
6.569314077460808310e-01
-1.515342986185466367e+00
3.045743525838158217e-01
7.263938851574177624e-01
-8.876114830898309549e-01
-2.157207071520722330e+00
1.029718040823943914e+00
3.046215622186283778e-02
-1.905380501378596270e-01
-5.159061595748603013e-01
-1.520244464244172589e-01
5.778253530528517645e-01
-8.178183901529018085e-01
-9.192441523822476590e-01
-1.771436278304716172e+00
-1.033444367776846118e+00
1.047690080445703442e+00
-1.845530290650676974e+00
-6.229777807164383896e-01
-1.405183930014201499e+00
-7.627054636457043513e-01
-3.967783797446630678e-01
1.041618722840413902e+00
4.347106215848453581e-02
-6.813333785495168105e-01
-6.511593040313854441e-01
-1.593513889024746610e-01
-4.592785106110873206e-01
-1.138274115724750152e-01
-3.752841998307461790e-01
-1.036318241125711248e+00
7.462064301045456816e-03
-1.243560236150784037e+00
-1.075409075813303472e+00
-1.051150972390075822e+00
7.489283666429353836e-01
1.565593125044895340e+00
1.019914901042496158e+00
-2.143735985627218121e-01
-1.392022974087528731e+00
2.779028513065062156e-01
-2.977711993909720967e+00
1.358523742141040658e-01
1.599225614098229442e-01
-2.009557714092278236e+00
1.069991714696686635e+00
1.123448181893056841e+00
1.736754960979735585e-01
3.440228351247494598e-01
-1.025746378692227179e+00
1.713883623279118806e-01
4.368414865974826755e-01
5.199231773172493520e-01
1.687329734295465844e+00
-1.473294524694113428e-01
-1.874388168514514730e-01
-1.678453530927988657e+00
1.406768190630836468e+00
-1.354572646542876901e+00
-1.137908501652626470e+00
2.565761269248136855e+00
9.334521787535257076e-01
1.702636176602813523e+00
5.931067333961186350e-01
-6.431482366304065723e-02
-3.006091429434957774e-01
-1.341068222567288970e+00
-7.215357191189032404e-01
7.038651748115518636e-01
-5.314721806697525475e-01
-1.696760574442557346e-01
-5.212291351147535501e-01
1.357629968429622691e+00
-2.459468030845671227e-01
1.043526899667660102e+00
-1.972361377959943818e+00
2.747318517912734070e-01
-6.791756910660865509e-01
6.266398321260555626e-01
-1.005603258668412853e-01
-2.252981265642062525e-01
1.053736211162525693e+00
3.590906128826822918e-01
-3.113386401234952139e-01
6.970835838801060502e-01
-5.741398111635640511e-01
6.541103639267885628e-01
-2.768543456133202296e-01
6.076004120368612149e-01
9.612355295600396587e-01
6.910450726765270391e-01
5.725835411048412205e-01
-1.067686238989526137e-01
5.066090891001630014e-01
1.296317069019333523e+00
8.967350046151041365e-01
-2.567371383195895529e-01
-5.667052663226284509e-02
-9.468783725889678982e-01
-6.369578043467822859e-01
-3.148476381918102196e-01
-1.881521015913472983e+00
-2.281197757599898068e+00
3.871565814277345696e-01
7.695324276217635484e-01
-8.598810188105598940e-03
-3.817617606389487328e-01
-8.115201771893150173e-01
6.481909242620292888e-02
1.703171835598168204e+00
1.028670657099856056e+00
9.687118750285786950e-01
-1.180621999696724655e+00
-4.971242619429631221e-02
-3.684148586642198020e-01
-1.385651432422242146e-01
-2.656534061069895092e+00
1.408727638673639704e-01
2.016180552580669083e+00
-8.381910012881290672e-01
-4.258711456745689627e-01
-8.559580656577385760e-01
1.047716914033915758e+00
-4.187375208505991764e-01
-4.493841313592649711e-01
-1.287253974306153737e+00
1.085912763855049201e-01
1.982994433242907251e-01
3.935807582593742193e-01
-1.549163905015055409e+00
-6.567329120719926916e-01
-1.098990442943929668e+00
-1.206263653767734478e+00
-5.887465135226656043e-01
-1.535041839644964989e-01
9.194850883908586292e-01
-9.596270645799735988e-01
-8.045376701008878362e-01
1.689862333790270954e+00
1.058097610920734066e+00
3.228733138829142368e-01
9.184782765584377229e-01
-6.333318201176905138e-01
-2.062876873318809867e+00
7.272160328141832886e-02
1.993669428172876734e-01
-2.664758426856662865e+00
4.586130477403450589e-01
-3.710717217190944717e-01
-1.918966548549674522e+00
-8.235410788284825978e-01
1.788545418002660536e+00
6.260858298626836849e-01
-4.483114958171078857e-01
-1.090629937343325695e+00
4.312977669587917950e-01
-1.551344838017590044e+00
-1.038929868840121395e+00
-7.689879070922032156e-01
1.908860147749386893e-01
-8.997954796261978805e-01
-6.877718465279110127e-01
1.089879207809501677e-01
-1.015864543319905833e+00
-1.668730386578855529e-01
1.658170906569697678e+00
6.060117315609420130e-01
-1.137247400009917309e+00
-6.737935449198378945e-01
-4.828094581978117916e-01
-3.280657887111841642e-02
1.326870179062421551e+00
1.632224566329324000e+00
-1.167297072720203666e+00
-2.404154932280696544e-01
-6.538502687752894005e-01
3.955156462753222080e-01
-3.569215138490836603e-01
1.353082384214548739e+00
-4.220697199369947139e-01
3.893453470018514162e-01
2.214527401735889300e-01
-1.664128065358350117e+00
1.642584133517664968e+00
4.454989436081500664e-01
-1.264637022366142727e+00
-5.792387957381727182e-01
-7.229213490347804472e-01
6.056293425069895209e-01
-4.504051347691288010e-01
1.716738925044835717e+00
-5.824097204510201298e-01
-1.008630577938139705e+00
5.310026269864962511e-01
1.221272680657811804e+00
4.230186707621045872e-01
1.431989340706169012e-01
-1.996743194378646002e+00
-6.592764113318653196e-01
1.903988806869835390e-02
-4.733130623656864877e-01
-1.323834248735789032e+00
2.367585865982473059e-01
7.497456152618063863e-01
4.588623719134361512e-01
-3.014950413571247934e-01
4.502070066926512348e-01
1.025418896651812961e+00
-8.609679558792937559e-01
-1.568842882388454540e-01
2.527733559297422605e-01
1.721281084227259894e+00
1.383229160136665525e+00
2.088225903196933686e+00
1.603795377648919107e+00
-9.500799336719973898e-01
1.403801203773618944e+00
5.299633249400144130e-01
2.236568188569993954e+00
2.234382126471831376e-01
-1.279164212145764923e+00
-1.489160775380071189e-01
-6.012576699160246951e-01
-1.641446129553087108e+00
8.530693375658848776e-01
-7.137392348546461873e-01
1.088751387562299167e+00
9.303749890233627973e-01
-4.575604779071180683e-01
9.634574446647575785e-02
-4.138162620119586466e-01
-1.079485585764999200e+00
9.088621887519138243e-01
-5.553369841725270817e-01
-1.125326758379001868e+00
2.407955522946633842e+00
-6.686247432460008522e-01
8.573485506698081959e-01
5.843744192768098866e-01
9.066874738010913259e-02
1.389869196304018395e+00
-1.462569380763479643e+00
4.397794210643012347e-01
-2.031643690192921348e-01
1.020798440611517144e+00
-1.521563732433139915e+00
-9.632334220925188317e-01
6.429931351137847528e-01
-1.685160814241021932e+00
4.227886395317533852e-01
-5.178416825979840210e-01
1.141678107172703793e+00
5.698394840143551354e-01
2.201815274908450970e+00
1.564031763184333235e+00
2.616621492396327131e-01
-7.421009575813450332e-02
-4.212765763482181347e-01
-3.988432861431874810e-01
1.862458698715407257e+00
8.238091135012798327e-01
4.251626120220641791e-01
-1.158427253229044274e+00
1.635224817536726327e+00
-5.152065054402911459e-02
7.840735818537071522e-02
-2.732674814159000709e-01
-1.426101473195668490e+00
3.968582609809741535e-01
2.042802771918290183e+00
-2.225724921209910057e-01
7.919384873320463036e-01
1.332990231886728383e+00
-1.255952486827047743e+00
1.982054066746549367e-02
2.691106860810970058e-01
-9.905731600477464260e-01
3.320304778497612519e-01
-7.308081161091642963e-01
-1.997382958939270425e+00
5.960575825295265640e-01
1.322361810440253471e+00
-1.904826383301542858e+00
1.275947400330043280e+00
-4.762165475840988704e-01
2.120335173827456454e-01
6.245831749041278469e-01
-3.202671837163380553e-01
-6.026710970205816781e-02
1.468352998077665506e+00
-9.947781651783821344e-01
1.548316035953404501e+00
-4.397254081692066885e-01
-7.980086852096416328e-01
-1.038185009124842573e+00
-4.938085033284653202e-02
1.586266868302574906e+00
-9.438391431371641049e-01
1.092335324821618325e+00
-1.849772403136468846e+00
-1.906414009554064648e-01
1.893634676348520340e+00
1.739628484740826930e-01
-5.844127794803538611e-01
-6.552531226776352469e-01
3.424734520610314692e-01
4.775951985604422467e-01
8.654655895757424888e-01
-1.490153009807258622e+00
-2.463747676769268757e+00
-2.026126185115168232e-01
3.987122772718700303e-01
-1.788448973063906933e-01
-5.006110338559924822e-01
-1.941784030765701052e+00
2.899123658240822521e-01
-1.267255474723874842e-01
-2.528590431190050336e-01
2.565241207794906053e-01
9.627668905874808836e-01
-7.366678480494101011e-01
-4.180453894420613770e-01
-1.830588693466882910e+00
-9.922555960327084090e-02
-2.298825353946055972e-01
-6.289933416390406373e-01
1.338092532640207999e+00
1.392466725941227557e+00
-1.754352862208364283e-01
1.876691592088551852e-01
5.811004236758154570e-03
1.362018073025606180e+00
-1.291861945825995228e+00
-9.196668463483694822e-01
5.860385157156946523e-01
9.554243911224269414e-02
-6.491191717126736371e-01
-6.845622387564910261e-01
-3.303366160636022619e-01
3.142250705660833976e-01
2.513694756348273662e-01
2.182831076921648350e+00
3.916382454735085616e-01
2.280885827363080764e+00
-7.025172943623254618e-01
-6.590197212440993546e-01
-8.991884939628763673e-01
4.925874263883988496e-02
1.448957597691848287e+00
8.150859459235010318e-01
4.677536965965288784e-01
1.109366558664405256e+00
1.661017324998653288e+00
1.384769811131558503e+00
1.208042226350223736e+00
1.309555164557068663e+00
3.832419320509317107e-01
-9.675677286973479729e-01
7.255985610376770867e-02
7.644908452600466253e-01
-7.162742112061820654e-01
-3.343310099559642090e-01
1.891779674098550856e+00
1.259858825502454316e+00
-1.525513458914759257e-01
-4.106901337748655734e-01
7.687273084506860421e-01
-1.608498836180869210e-02
2.116156951441641454e-01
-2.168347719016179287e-01
8.845854558296156744e-01
1.047073420338763411e-01
5.096537016004617504e-01
-6.687031258983032744e-01
1.248797807496096812e+00
-8.788900927469462943e-01
-2.554111338460217429e+00
-1.707685754237100173e-01
-5.582878891058985493e-01
1.345511545786938878e+00
1.151950208798555142e+00
-4.631555631814481822e-01
-5.770798617725207968e-01
7.237750046836091689e-02
5.826904829219453630e-01
7.506221691794431328e-01
6.346778941601868285e-01
4.128792753959371065e-01
-6.413070508690308369e-01
-8.870582574893567385e-01
-1.173676950019374665e+00
-1.026547196609576051e+00
-8.938305274438849146e-01
-3.502145804356196490e-01
7.003371366529382858e-01
9.531549124940775775e-01
-2.165759384856680847e-01
2.060714859117662445e-01
-2.087175181789963307e+00
7.889284979568199629e-01
6.406611348891438906e-01
1.235852025877539839e+00
2.708160992410052703e+00
-6.178768570988738551e-01
1.007536296940151899e-01
-6.556910266693618539e-01
-3.151888269696302425e-01
5.252831905009544000e-01
5.481563110035139741e-02
3.650731780225865419e-01
-1.071120289042972962e+00
9.796105042332050594e-01
5.359610851811732468e-01
-1.314848490078849741e+00
-1.122863312679590608e+00
-4.793820162753569258e-01
1.545496830184597270e+00
6.482505187632677801e-01
2.172858105799750028e+00
-3.871589496018465471e-01
2.176700174946217814e-01
1.054641879543996241e+00
5.829751209784371779e-01
1.827152005523731138e-01
-1.841385454733834859e-01
-7.622205896430919725e-02
1.787914787971847552e+00
1.124788682627579472e+00
4.725332410014472795e-01
-7.326441412000230802e-01
-8.785899907227335826e-01
-1.603839614629221089e-01
-2.272185905087425462e-01
1.482436322851325317e+00
-1.363208222131889080e+00
-6.895941640468327138e-01
5.027805862946110871e-01
-1.436059890339421719e+00
6.877003340844595192e-01
-8.644874551875365576e-01
7.342288089357532077e-02
5.646945682690847068e-01
3.330021225371494059e-02
6.769881308001047815e-01
-6.080538949264633342e-01
3.981250263286560953e-01
8.463913607757629354e-01
-8.382369549563336575e-01
-2.773468558738022977e-02
1.119528012056096422e+00
3.936771072382685421e-01
1.711789966865022716e+00
-9.632969699062908786e-01
-1.370108589984065095e-01
1.026861746498279659e+00
-2.913354103137108519e-01
1.894326078557794224e-01
8.026916061677887848e-01
-7.799282500268859275e-01
-3.782204507762282897e-01
8.789682600624030284e-01
-1.416930611458175227e+00
-1.316386841054763224e+00
-8.218550252293175262e-01
6.544964158168863344e-01
-8.540253337567614567e-02
-2.093866142656715112e+00
1.999359372718916505e+00
-2.876116383675232369e-01
-4.989270724894471765e-01
-6.883697190852379189e-01
-9.394574516650481266e-01
3.046815340581306431e-01
-1.061441762310930459e+00
-7.138099188846301624e-02
-5.917646876443295456e-01
1.628875702843217477e+00
2.064471342645938789e-01
-3.658343504539448010e-01
2.029502832589178851e+00
-9.096697936520913297e-01
-1.519551415790662885e+00
-6.175646818890836443e-01
-2.052735704135995043e+00
5.448399441219174966e-01
-3.262710186737562412e-01
1.660092059741426596e+00
6.584893398142043219e-01
9.667545739615237554e-01
1.132415844761714974e+00
-2.840290418000265826e-01
-2.101199422246189503e-04
1.020928802988299688e+00
6.068170060880304639e-01
-1.541287356974728184e-01
-5.651968313689299528e-01
1.521768547895550938e+00
-1.073559744245321967e+00
-7.194260571829594886e-01
1.935465423947096086e+00
4.096656670681377288e-01
3.356307698093738967e-01
-6.908489320729445105e-01
1.568479907263659046e-01
6.490400120234750547e-01
-6.795530643292957418e-01
-2.045635465087945193e-01
-3.502267995023979896e-01
-1.021325578331682138e+00
-7.046565389138820246e-01
9.254109615937036182e-01
1.155627273561672386e+00
8.510616946857729737e-01
-1.304137427884139333e+00
4.607124029789989028e-01
-7.756412039813276663e-03
3.140501314604159377e-01
-1.069602024256535833e+00
-1.228538656143466135e+00
-1.322273539760510763e+00
-1.679250130764488924e+00
-1.631743661188182204e-01
5.774685076553057739e-01
1.386066399417029971e-01
1.028272072899805156e+00
-1.424610260410138010e-02
1.248100821902966784e+00
1.901634671306300595e+00
-1.839111529378439358e-01
-4.985019468274559662e-01
3.518155100397156732e-01
1.715321468479192799e-02
5.124268417400845710e-01
4.352478099056846794e-01
7.418197276936339124e-01
-1.939144396782379820e+00
-2.395515616999181585e+00
1.034563941971996748e+00
4.758213131521988326e-01
-3.956093093382417325e-01
-1.463761740044509763e+00
-6.980774577215602406e-02
4.533971298660940397e-01
-7.134657171895681937e-01
-3.174214842676256060e-02
-8.370036425918050416e-01
-5.696887187457537749e-01
1.922280049565372809e-02
7.050151579778728417e-01
1.670124553023370817e+00
-1.207364508284012983e+00
1.987444143259855744e+00
3.161272458004816266e-01
3.121742764972810780e-01
-1.571057217015914054e+00
5.289903466658670839e-01
2.976296408109774805e-01
2.168669134437288371e+00
-2.967963263601191004e-01
1.866195681434306808e+00
6.659106677962927101e-01
1.083774414252415275e+00
-1.124997374630655050e-01
-9.236171530958534048e-02
9.610018641415416507e-01
-4.030303062193124619e-01
1.028196660042226540e+00
-2.092213325663682677e-01
7.678719722327080888e-01
3.727659534883671633e-01
-7.146140699557221865e-01
9.949163536845903044e-01
-1.133105327381245697e+00
1.562594194789554525e+00
3.462665425852601286e-01
1.614139865206846602e+00
-1.037365672286768570e+00
1.289819110015320680e+00
4.428647563291887579e-01
1.487452713434264107e-01
4.522746047547109294e-01
2.785665242680002152e-01
1.434586718691899243e+00
-1.291710810187121306e+00
2.321143106206297269e+00
-1.141244179522814095e+00
1.084389780533134839e+00
1.055441418578445756e+00
2.721233388278224696e-01
5.255164683918394086e-01
-9.890857052262136406e-01
-1.492018866338343352e+00
5.579054689502618292e-01
-1.129863894356878534e-01
-1.059098609123387158e+00
1.381557967377402996e+00
-1.065041628908135918e+00
-2.635931452755112536e-01
-1.251766269497266437e+00
-5.007031530560266397e-01
-1.979776008244720220e-01
1.170183427798785758e-01
-1.528325439279732412e-01
-2.176041228629090440e+00
1.751604434807871036e-01
7.812230110430982144e-01
1.588086585573409426e+00
8.014173035709521997e-01
-2.258273069329121530e+00
-1.795594933324685893e+00
-4.440804983347922397e-01
-1.330209337708433970e-01
-4.037017355127718310e-01
1.499220315767103351e+00
1.441115125067931491e+00
7.571788705728509372e-01
-4.295753202629936096e-01
-9.994044718241795744e-01
-2.653983150388540269e-01
9.228137639123658031e-01
-1.072074543433403804e+00
4.640574757460441124e-01
1.203606304894702661e-01
-8.089547353887350800e-01
-2.085216930610644948e+00
-8.036718218678826631e-01
8.538788437303569401e-01
-1.510842708137213553e+00
4.086985384412373246e-01
-3.319859731021331806e-01
-1.794310712073377223e+00
-1.418190929131859290e+00
-1.727401525489565826e-01
-1.869845531154435692e-01
-2.032133311955557353e+00
-2.955660991597911513e-01
1.294023661049796159e+00
-1.659056597499099173e+00
3.946928043343729264e-01
-1.231076380798319159e+00
3.532927954349469185e-02
-2.427939657975462517e-01
-9.837929020966437177e-01
9.600565450234947729e-02
1.346087661074563568e+00
7.497847364526006864e-01
-2.687167485550653878e-01
2.991451635407218035e+00
9.035325648998469017e-01
-1.011455090966339565e+00
6.296563974877849024e-01
6.052739135393049308e-01
-1.403733209240305202e+00
-7.041986945669527209e-01
-7.273358979477763109e-01
2.230790521675180216e+00
-5.970411893951554916e-01
1.120654079417865878e+00
-3.416701228505644172e-01
-6.993001938901042269e-01
-6.741944371148892445e-01
-1.876456486083415420e+00
1.070179945975118820e-02
-1.802326514917826472e+00
-3.464986383769083633e-01
8.361905723245706412e-02
-1.166756472694015834e+00
-2.095946529776669731e+00
1.936891835139706197e+00
-5.773810895334938742e-01
-3.754199661089062112e-01
6.779774567734594415e-01
-3.902590022620216481e-01
-5.177254828834338962e-01
7.290541133017388598e-01
3.156927380365470714e+00
-2.774693572079228177e-01
-5.654226897060596890e-01
1.725960158073209239e-01
-1.069325634230509969e+00
1.215793803825973241e+00
-1.026131065639154016e+00
3.493952934313739322e-01
-1.027208965088885595e+00
-6.195370229845736237e-02
1.339349613697181016e-02
3.642394419861885724e-01
-8.989900590694759330e-01
1.399566692368475085e+00
-2.795738116105219273e+00
-1.010475838256780667e+00
-8.403410852175661194e-01
6.228091661819254998e-01
-7.782346868716746302e-01
1.281373034726229099e+00
1.771995878948810776e-01
3.122519502495680888e-01
1.935442634552725916e-01
-5.396499970907603361e-02
-4.190990094626129703e-01
8.128285951711805568e-01
-1.947141911874534226e-01
2.248657237272618792e-01
8.450696990989037261e-01
-6.602937664147467967e-01
-6.235745593423509536e-01
-4.838216746894369313e-02
7.590796658040398215e-02
8.056461033688554485e-01
-2.214801260195419008e+00
1.507065434446576146e+00
-1.207253751759460814e+00
5.188307996134365885e-01
-1.549937906002971211e+00
-7.739358944263536877e-01
8.203468303073204737e-01
7.836636361713479326e-01
-8.184263992883858974e-01
-5.971429504881711203e-01
-6.312971091827668246e-01
2.160153406838020984e-02
-1.004749321036534360e+00
6.722107679183135787e-01
-5.747740622043573389e-01
-1.041378582642074058e+00
-1.786885953581061337e-01
1.563208945365521130e+00
2.324454899913306616e-01
-1.004519088527305204e+00
-7.768185015521397174e-01
4.097055483634031714e-01
-5.728230376791199063e-01
1.057706444391809386e+00
1.123131085406141372e+00
1.576409325924171378e+00
7.916337628330921694e-01
-1.698614649090933182e-01
1.242797538472296126e-01
7.449020186320731707e-01
-2.509587574814172939e+00
-2.523884677030854284e-01
-6.645318800805870563e-01
-2.285086507328557559e+00
1.374287604000094865e+00
-2.265868178663840993e-01
-2.408316468840946134e-01
5.949188440342229045e-02
-9.643120697647235007e-01
-1.434231119755710493e+00
2.367500582461621761e+00
-2.323300436986167339e-01
-3.068916600093418712e-01
2.428387650660104868e-01
1.678332801459510693e+00
1.180939123708369731e+00
-3.167924959374427418e-01
1.836156529197070508e+00
-2.362100517318525550e-01
5.649634818676360082e-01
2.550475507234004624e-01
6.778128155702369817e-01
-1.190079373736709245e+00
