1.964477050608719910e+00
2.007506927719960199e+00
2.054592167383800128e+00
2.105401600437000198e+00
2.159574371643429913e+00
2.216722485198490133e+00
2.276433567281700210e+00
2.338273826117000187e+00
2.401791188411920075e+00
2.466518589614739909e+00
2.531977394153960059e+00
2.597680920721490150e+00
2.663138046742020038e+00
2.727856865437789935e+00
2.791348368361049825e+00
2.853130125931810035e+00
2.912729938384210016e+00
2.969689429601650055e+00
3.023567556597719808e+00
3.073944007889569896e+00
3.120422464698390019e+00
3.162633699799469955e+00
3.200238489927679897e+00
3.232930318911400036e+00
3.260437850154469963e+00
3.282527148699839969e+00
3.299003634879639879e+00
3.309713753471749786e+00
3.314546344328450189e+00
3.313433702605840026e+00
3.306352318984799865e+00
3.293323292621519904e+00
3.274412411979460202e+00
3.249729901157650147e+00
3.219429831824789812e+00
3.183709203375169938e+00
3.142806696423280144e+00
3.097001107228880112e+00
3.046609473077840136e+00
2.991984901012529896e+00
2.933514114595550115e+00
2.871614735583719824e+00
2.806732319464389835e+00
2.739337165754270220e+00
2.669920925760179919e+00
2.598993032140529902e+00
2.527076976073390213e+00
2.454706459114880168e+00
2.382421447919719881e+00
2.310764160871369821e+00
2.240275016335920188e+00
2.171488572702600095e+00
2.104929490593849817e+00
2.041108547626900194e+00
1.980518735876890091e+00
1.923631471732790033e+00
1.870892947155220032e+00
1.822720650438770074e+00
1.779500083464820026e+00
1.741581701099699897e+00
1.709278096866799990e+00
1.682861457305319997e+00
1.662561305533400091e+00
1.648562552476670051e+00
1.641003872016030041e+00
1.639976413967600077e+00
1.645522866350660030e+00
1.657636875842779967e+00
1.676262832684479953e+00
1.701296023597729912e+00
1.732583153543989951e+00
1.769923234386650002e+00
1.813068835763530062e+00
1.861727690734529927e+00
1.915564646070889943e+00
1.974203944415579892e+00
2.037231822987689789e+00
2.104199411051180135e+00
2.174625906030810185e+00
2.248002005964750083e+00
2.323793573941800084e+00
2.401445508300549925e+00
2.480385790687800185e+00
2.560029682589120004e+00
2.639784039674499816e+00
2.719051712255870168e+00
2.797235999336269874e+00
2.873745123157540160e+00
2.947996690818179832e+00
3.019422109454739989e+00
3.087470921647390121e+00
3.151615028128090135e+00
3.211352765540699927e+00
3.266212807913989824e+00
3.315757861662420147e+00
3.359588125315720042e+00
3.397344486786670004e+00
3.428711432808989823e+00
3.453419647196759978e+00
3.471248276785829923e+00
3.482026846294079991e+00
3.485636805868229882e+00
3.482012697751040164e+00
3.471142931284739941e+00
3.453070158343909846e+00
3.427891244243619795e+00
3.395756832174110063e+00
3.356870502248309851e+00
3.311487529294140142e+00
3.259913246551790156e+00
3.202501025428190040e+00
3.139649884394149826e+00
3.071801742957270154e+00
2.999438339390700037e+00
2.923077833517599977e+00
2.843271118325089830e+00
2.760597866492339847e+00
2.675662340041530030e+00
2.589088993250590054e+00
2.501517900674219863e+00
2.413600043601829892e+00
2.325992489522680007e+00
2.239353500152109877e+00
2.154337604301439946e+00
2.071590672331040217e+00
1.991745029110260079e+00
1.915414642318920002e+00
1.843190422554680019e+00
1.775635671072220090e+00
1.713281710061830054e+00
1.656623729195209949e+00
1.606116880727519902e+00
1.562172653752160079e+00
1.525155556278589897e+00
1.495380131649300059e+00
1.473108333447920026e+00
1.458547280493750042e+00
1.451847410784190107e+00
1.453101050358519997e+00
1.462341410031470001e+00
1.479542019808010034e+00
1.504616607562879960e+00
1.537419425274130003e+00
1.577746022763170108e+00
1.625334465539399975e+00
1.679866990001239957e+00
1.740972085930539981e+00
1.808226992962800095e+00
1.881160594538640041e+00
1.959256689777350013e+00
2.041957620775269877e+00
2.128668230046019794e+00
2.218760120212260212e+00
2.311576185642040038e+00
2.406435383522770088e+00
2.502637709897800100e+00
2.599469344468340104e+00
2.696207926507689923e+00
2.792127923045559790e+00
2.886506049585119804e+00
2.978626703007440035e+00
3.067787366008440042e+00
3.153303942412600147e+00
3.234515983005250117e+00
3.310791762130250060e+00
3.381533166206399876e+00
3.446180356515620158e+00
3.504216170108830131e+00
3.555170224440689974e+00
3.598622693384100124e+00
3.634207724563729869e+00
3.661616470474009954e+00
3.680599708596029807e+00
3.690970028674020131e+00
3.692603568439420059e+00
3.685441282354999792e+00
3.669489731368440033e+00
3.644821385190220031e+00
3.611574432219029962e+00
3.569952095902019895e+00
3.520221460008980063e+00
3.462711808994860085e+00
3.397812493290880198e+00
3.325970332978810173e+00
3.247686576834480032e+00
3.163513437149810148e+00
3.074050224032089940e+00
2.979939106006050054e+00
2.881860526692160196e+00
2.780528310068810072e+00
2.676684489334249850e+00
2.571093896646260202e+00
2.464538553005259924e+00
2.357811899257780119e+00
2.251712910606840090e+00
2.147040138114769903e+00
2.044585721466389838e+00
1.945129417709070108e+00
1.849432690811789959e+00
1.758232906664340067e+00
1.672237677588719995e+00
1.592119399551719994e+00
1.518510024051799912e+00
1.451996105121829972e+00
1.393114160043110061e+00
1.342346380221230095e+00
1.300116726246240084e+00
1.266787438460649895e+00
1.242655991415289929e+00
1.227952517415439981e+00
1.222837720980239906e+00
1.227401302476289979e+00
1.241660905467139919e+00
1.265561598473810001e+00
1.298975897893200004e+00
1.341704334801540055e+00
1.393476564308129939e+00
1.453953012052350058e+00
1.522727048379979964e+00
1.599327676731270076e+00
1.683222718846979937e+00
1.773822475580079994e+00
1.870483838425309964e+00
1.972514823365310033e+00
2.079179495315420123e+00
2.189703248352469878e+00
2.303278404058040074e+00
2.419070087724629836e+00
2.536222339869000031e+00
2.653864418510860190e+00
2.771117246004420220e+00
2.887099952879390141e+00
3.000936470165429970e+00
3.111762121053999852e+00
3.218730162488669944e+00
3.321018227389069821e+00
3.417834618693179838e+00
3.508424407251519828e+00
3.592075286819520041e+00
3.668123140965689810e+00
3.735957278629510103e+00
3.795025297314550183e+00
3.844837535472890089e+00
3.884971078511879838e+00
3.915073286006419906e+00
3.934864811117110062e+00
3.944142086863990038e+00
3.942779257765499867e+00
3.930729539394549832e+00
3.908025992597409903e+00
3.874781703437249814e+00
3.831189364330040092e+00
3.777520256304640167e+00
3.714122636806150179e+00
3.641419541941659954e+00
3.559906016503060044e+00
3.470145789461770214e+00
3.372767416881159885e+00
3.268459918302260014e+00
3.157967936593289782e+00
3.042086454985729826e+00
2.921655108519699784e+00
2.797552130361430134e+00
2.670687976405590192e+00
2.541998674223600041e+00
2.412438944728370060e+00
2.282975146889230089e+00
2.154578097427319872e+00
2.028215818637019829e+00
1.904846268301340073e+00
1.785410106092760074e+00
1.670823550869559915e+00
1.561971382888380111e+00
1.459700144154240098e+00
1.364811588933320108e+00
1.278056434854669909e+00
1.200128463044910054e+00
1.131659013384380019e+00
1.072574189755729934e+00
1.016997643490070047e+00
9.653769451388339862e-01
9.190298779578119914e-01
8.792870983251549477e-01
8.474931296667039815e-01
8.250085615934370509e-01
8.132135296804200442e-01
8.135125533757799898e-01
8.273408125948730207e-01
8.561719477469730277e-01
9.015274733839550025e-01
9.649879024835239516e-01
1.048205686721380037e+00
1.151646093979999952e+00
1.263858382271199954e+00
1.382875736785249998e+00
1.508118944518650029e+00
1.638935122346020012e+00
1.774604283652710057e+00
1.914346264164910050e+00
2.057327972471239885e+00
2.202670926772429816e+00
2.349459035820649966e+00
2.496746578836690045e+00
2.643566336442690012e+00
2.788937822322130167e+00
2.931875563446309840e+00
3.071397375284540043e+00
3.206532577454209942e+00
3.336330094772019805e+00
3.459866388639420087e+00
3.576253164130450024e+00
3.684644799042379848e+00
3.784245442513590074e+00
3.874315732598310191e+00
3.954179084391860055e+00
4.023227502917180232e+00
4.080926877984910384e+00
4.126821721603969984e+00
4.160539312224339703e+00
4.181793214108309620e+00
4.190386144420590320e+00
4.186212165168799793e+00
4.169258181881179581e+00
4.139604735839870209e+00
4.097426081759359739e+00
4.042989547972659636e+00
3.976654181421450218e+00
3.898868685003209933e+00
3.810168660066110213e+00
3.711173172021459798e+00
3.602580662123859856e+00
3.485164233412370027e+00
3.359766343573510117e+00
3.227292942036700030e+00
3.088707092920170094e+00
2.945022129462750105e+00
2.797294389281320015e+00
2.646615583153729911e+00
2.494104853012849787e+00
2.340900577424830153e+00
2.188151984993529808e+00
2.037010637864269835e+00
1.888621848777880086e+00
1.744116095932479960e+00
1.604600500251549988e+00
1.471150429508359947e+00
1.344801293131479891e+00
1.226540590410660103e+00
1.117300273241409903e+00
1.012691823337229957e+00
9.048347134497990440e-01
7.943785914002059467e-01
6.823561923765479875e-01
5.697667612041089624e-01
4.575693188489449725e-01
3.466765678537450102e-01
2.379494585050969946e-01
1.321924311076350111e-01
3.014934348186399868e-02
-6.749991324664120218e-02
-1.601421132961450000e-01
-2.472327175538459876e-01
-3.282972310028909879e-01
-4.029319145175280226e-01
-4.708038737527929785e-01
-5.316505519258289958e-01
-5.852786569417780527e-01
-6.315625565493789839e-01
-6.704421780118320351e-01
-7.019204511421679449e-01
-7.260603354780620355e-01
-7.429814738616939973e-01
-7.528565157527900009e-01
-7.559071542463700055e-01
-7.523999210019189920e-01
-7.426417831348960386e-01
-7.269755855897950259e-01
-7.057753816270669889e-01
-6.794416928350820450e-01
-6.483967385455130517e-01
-6.130796727103059451e-01
-5.739418642163020001e-01
-5.314422542953229911e-01
-4.860428221578459995e-01
-4.382041872675410121e-01
-3.883813738035289953e-01
-3.370197598566789798e-01
-2.845512308000159862e-01
-2.313905530854729886e-01
-1.779319814732119864e-01
-1.245461094182190032e-01
-7.157696904269850169e-02
-1.933938383046350171e-02
3.188342609346959955e-02
8.184198946847780209e-02
1.303224867474530035e-01
1.771484199743829924e-01
2.221820624342649986e-01
2.653257038051720085e-01
3.065227094522209872e-01
3.457584153364420265e-01
3.830608827708290032e-01
4.185015399472150066e-01
4.521957397907560017e-01
4.843032662819909961e-01
5.150288239395750534e-01
5.446225476943139521e-01
5.733805729303920184e-01
6.016457080478290198e-01
6.298082545402859944e-01
6.583070223165280455e-01
6.876305908590080174e-01
7.183188698500110325e-01
7.509650161507750443e-01
7.862177675389839804e-01
8.247842574534830495e-01
8.674333792192220338e-01
9.149997728969679889e-01
9.683885130929510421e-01
1.028580581852259979e+00
1.096639217231450081e+00
1.168855366162210085e+00
1.240373405912569948e+00
1.311549079467779988e+00
1.382738130162419976e+00
1.454221025663519962e+00
1.526207120850300081e+00
1.598838799115499976e+00
1.672195610837049928e+00
1.746298423573960035e+00
1.821113594586700080e+00
1.896557172569369953e+00
1.972499132007260014e+00
2.048767640343310159e+00
2.125153355143449829e+00
2.201413745703959979e+00
2.277277431039669953e+00
2.352448523931740088e+00
2.426610968701270021e+00
2.499432858609400121e+00
2.570570717266139837e+00
2.639673727158499794e+00
2.706387887381989987e+00
2.770360081880129943e+00
2.831242038953360129e+00
2.888694162497539963e+00
2.942389215361139954e+00
2.992015835366459875e+00
3.037281864916269836e+00
3.077917475695879812e+00
3.113678070771659812e+00
3.144346947370490142e+00
3.169737704789799881e+00
3.189696383223649789e+00
3.204103320779879915e+00
3.212874717597740126e+00
3.215963897735549804e+00
3.213362261370519946e+00
3.205099921820759867e+00
3.191246023946639809e+00
3.171908742596699859e+00
3.147234961915499785e+00
3.117409638509539782e+00
3.082654853652750049e+00
3.043228561890690020e+00
2.999423045550400069e+00
2.951563086766309851e+00
2.900003870673510065e+00
2.845128635381069859e+00
2.787346086203609907e+00
2.727087593383899833e+00
2.664804194168770124e+00
2.600963421591090174e+00
2.536045983646599833e+00
2.470542317731379889e+00
2.404949046204989838e+00
2.339765359762699948e+00
2.275489355928550061e+00
2.212614360412509917e+00
2.151625259304629889e+00
2.092994870105060023e+00
2.037180379409150088e+00
1.984619874680559892e+00
1.935728996953399950e+00
1.890897740513949987e+00
1.850487424621640065e+00
1.814827861149729937e+00
1.784214740662779963e+00
1.758907257911229927e+00
1.739125996021499976e+00
1.725051086808029988e+00
1.716820662641250106e+00
1.714529613188960022e+00
1.718228658121210062e+00
1.727923744548720109e+00
1.743575775566450048e+00
1.765100673816919929e+00
1.792369781488500013e+00
1.825210595641620026e+00
1.863407835228920062e+00
1.906704833663420029e+00
1.954805248308989940e+00
2.007375075839989975e+00
2.064044960061020006e+00
2.124412776507690115e+00
2.188046475987210027e+00
2.254487167177659845e+00
2.323252416501980111e+00
2.393839741744590022e+00
2.465730274297469826e+00
2.538392563521409961e+00
2.611286495498149840e+00
2.683867297440329924e+00
2.755589598230030024e+00
2.825911514973240113e+00
2.894298735101440201e+00
2.960228563419649905e+00
3.023193903596780086e+00
3.082707143921350035e+00
3.138303917700040024e+00
3.189546709456689833e+00
3.236028279088630111e+00
3.277374877351880045e+00
3.313249227467910174e+00
3.343353249260180071e+00
3.367430504032640215e+00
3.385268340377360019e+00
3.396699723233060020e+00
3.401604730795369846e+00
3.399911706285729807e+00
3.391598054102860083e+00
3.376690672489019995e+00
3.355266017525509792e+00
3.327449796006269889e+00
3.293416287506969908e+00
3.253387298747239864e+00
3.207630756115829929e+00
3.156458944971630043e+00
3.100226407026999809e+00
3.039327509742510092e+00
2.974193704194670218e+00
2.905290490301470019e+00
2.833114110585099876e+00
2.758187995797699799e+00
2.681058987722450215e+00
2.602293366266680064e+00
2.522472709575230176e+00
2.442189617298760052e+00
2.362043328338010006e+00
2.282635265343570197e+00
2.204564538972329846e+00
2.128423445380560164e+00
2.054792990663900198e+00
1.984238475931340062e+00
1.917305176428780067e+00
1.854514147599759966e+00
1.796358190196549964e+00
1.743298005534740014e+00
1.695758570726050074e+00
1.654125762234720076e+00
1.618743254393719910e+00
1.589909717599000016e+00
1.567876338786750035e+00
1.552844684503029926e+00
1.544964924417900010e+00
1.544334430529030078e+00
1.550996764566219932e+00
1.564941063266050092e+00
1.586101828255040092e+00
1.614359124284000080e+00
1.649539186515319944e+00
1.691415434503350079e+00
1.739709887446539982e+00
1.794094972254850040e+00
1.854195712984880062e+00
1.919592287276900011e+00
1.989822932599959904e+00
2.064387182397399823e+00
2.142749409645449798e+00
2.224342652913979812e+00
2.308572697767360182e+00
2.394822384284109873e+00
2.482456109622090068e+00
2.570824492929649985e+00
2.659269168508850090e+00
2.747127671994369802e+00
2.833738383426129825e+00
2.918445490472770132e+00
3.000603934715409871e+00
3.079584303829910219e+00
3.154777632712419955e+00
3.225600077076620220e+00
3.291497423811419853e+00
3.351949403421880191e+00
3.406473771171059983e+00
3.454630125096899818e+00
3.496023430879830141e+00
3.530307225572080210e+00
3.557186474457190162e+00
3.576420057770270056e+00
3.587822866658690213e+00
3.591267490581050215e+00
3.586685481309160206e+00
3.574068181791580034e+00
3.553467111335459894e+00
3.524993901843139987e+00
3.488819783176349887e+00
3.445174619089720114e+00
3.394345498551759821e+00
3.336674890629120149e+00
3.272558374424849870e+00
3.202441958807639821e+00
3.126819009823650131e+00
3.046226806715989888e+00
2.961242750375760124e+00
2.872480250778960187e+00
2.780584322512030138e+00
2.686226919833230031e+00
2.590102044837430117e+00
2.492920664171879963e+00
2.395405471375169792e+00
2.298285533267709901e+00
2.202290859897519937e+00
2.108146938327209785e+00
2.016569271038179956e+00
1.928257959909509989e+00
1.843892376607279893e+00
1.764125959791920106e+00
1.689581178816810025e+00
1.620844702555890082e+00
1.558462810667319953e+00
1.502937082983919925e+00
1.454720400827689941e+00
1.414213291887570056e+00
1.381760647896389971e+00
1.357648841703809950e+00
1.342103267491560059e+00
1.335286324833629967e+00
1.337295864088019925e+00
1.348164107242660004e+00
1.367857054850599940e+00
1.396274386103520060e+00
1.433249855433690101e+00
1.478552185332540070e+00
1.531886451351879952e+00
1.592895951544399891e+00
1.661164548927660078e+00
1.736219471949070003e+00
1.817534554416510018e+00
1.904533892966030040e+00
1.996595896891949939e+00
2.093057702088460204e+00
2.193219917970799848e+00
2.296351673584540176e+00
2.401695926684260129e+00
2.508474997400980122e+00
2.615896286227890055e+00
2.723158134456479917e+00
2.829455783903210175e+00
2.933987391791999855e+00
3.035960056008140118e+00
3.134595805620969955e+00
3.229137511590780107e+00
3.318854672934759886e+00
3.403049034316909971e+00
3.481059992057160102e+00
3.552269746909619830e+00
3.616108163634069950e+00
3.672057299368410188e+00
3.719655565089019955e+00
3.758501487004370034e+00
3.788257037547699824e+00
3.808650508697779991e+00
3.819478903641889911e+00
3.820609826275029874e+00
3.811982851684390106e+00
3.793610364567089999e+00
3.765577856447150040e+00
3.728043676565020004e+00
3.681238235380059898e+00
3.625462663723039825e+00
3.561086934732069942e+00
3.488547459770099834e+00
3.408344173523409903e+00
3.321037127392150179e+00
3.227242614070159998e+00
3.127628849848029802e+00
3.022911244630340111e+00
2.913847292909109932e+00
2.801231121953749792e+00
2.685887736240899937e+00
2.568666999633990145e+00
2.450437399010790163e+00
2.332079634906389920e+00
2.214480086283749927e+00
2.098524197736709951e+00
1.985089838271020035e+00
1.875040681286149979e+00
1.769219655487239917e+00
1.668442516190810077e+00
1.573491585850560037e+00
1.485109711623429973e+00
1.403994486425979904e+00
1.330792778202920079e+00
1.266095610062540011e+00
1.210433431529789994e+00
1.164271818453360030e+00
1.128007636091370003e+00
1.101965696613919965e+00
1.085370480706280061e+00
1.077852905963700092e+00
1.080893289034819960e+00
1.096065270607659903e+00
1.123605986732989948e+00
1.161721801313770008e+00
1.210100129609660069e+00
1.268442488995380035e+00
1.336373330132170079e+00
1.413442507085769906e+00
1.499128313853089978e+00
1.592841068085310008e+00
1.693927218546279923e+00
1.801673948752950061e+00
1.915314245343999966e+00
2.034032396034060053e+00
2.156969878574760191e+00
2.283231598977959909e+00
2.411892434389160123e+00
2.542004033453010070e+00
2.672601824809819782e+00
2.802712182518209971e+00
2.931359695729720105e+00
3.057574488860910211e+00
3.180399537830239876e+00
3.298897927646850192e+00
3.412159996775519843e+00
3.519310314246450133e+00
3.619514436431160220e+00
3.711985391763709785e+00
3.795989843440290112e+00
3.870853882267930146e+00
3.935968404341069871e+00
3.990794031086779992e+00
4.034865532417409639e+00
4.067795717235410002e+00
4.089278759332289681e+00
4.099092930778890143e+00
4.097102719190970355e+00
4.083260309741760352e+00
4.057606417448250014e+00
4.020270460046670102e+00
3.971470066659859910e+00
3.911509922409500017e+00
3.840779954100359994e+00
3.759752867068979931e+00
3.668981048202959894e+00
3.569092854966149808e+00
3.460788314971619872e+00
3.344834265192309974e+00
3.222058964252810132e+00
3.093346215372620112e+00
2.959629041399430172e+00
2.821882956949759880e+00
2.681118885930649842e+00
2.538375775636199982e+00
2.394712961156939990e+00
2.251202335999160198e+00
2.108920386563209792e+00
1.968940149458489941e+00
1.832323151525470095e+00
1.700111392884990025e+00
1.573319433336189954e+00
1.452926641972849930e+00
1.339869668982109907e+00
1.235035197243860017e+00
1.139253029557599994e+00
1.051691822104050100e+00
9.635630045741999661e-01
8.750916527221309638e-01
7.874208373199099720e-01
7.016783243554689520e-01
6.189725939065100491e-01
5.403897034070039851e-01
4.669910379133179745e-01
3.998119866619879725e-01
3.398615823600150132e-01
2.881231373422810105e-01
2.455559090378519882e-01
2.130978261797560058e-01
1.916693069439540098e-01
1.821782007870559883e-01
1.855258872428399985e-01
2.026145674105619965e-01
2.343557874034229993e-01
2.816802377051659811e-01
3.455488782924279745e-01
4.269654466127100201e-01
5.269904141588119817e-01
6.467564675556749521e-01
7.874856018895729504e-01
9.505079275856399557e-01
1.136397621144330072e+00
1.328998509725499932e+00
1.518747310106749904e+00
1.705313405108410008e+00
1.888292513637140013e+00
2.067217608956439800e+00
2.241569649170660039e+00
2.410788100480029783e+00
2.574281229852239949e+00
2.731436140460259843e+00
2.881628520546029915e+00
3.024232074271319792e+00
3.158627601602490120e+00
3.284211693313059843e+00
3.400405006779180006e+00
3.506660088353399818e+00
3.602468708716739965e+00
3.687368678703769831e+00
3.760950114646159914e+00
3.822861124258130072e+00
3.872812886463130155e+00
3.910584101307689853e+00
3.936024789191619799e+00
3.949059422027250132e+00
3.949689372595110104e+00
3.937994672247529859e+00
3.914135071190469883e+00
3.878350399809309845e+00
3.830960233856560038e+00
3.772362870749970121e+00
3.703033628698670032e+00
3.623522484844659886e+00
3.534451073034610147e+00
3.436509066190250206e+00
3.330449972480570064e+00
3.217086378582520112e+00
3.097284677214250159e+00
2.971959319800829835e+00
2.842066638554059832e+00
2.708598285388169824e+00
2.572574337922699961e+00
2.435036125318760014e+00
2.297038828826039936e+00
2.159643913679389904e+00
2.023911450341049800e+00
1.890892384037430096e+00
1.761620812070300079e+00
1.637106328486110041e+00
1.518326495356359995e+00
1.406219499159409914e+00
1.301677049561090094e+00
1.205537576272240008e+00
1.118579777623120108e+00
1.038041319491999959e+00
9.575772352045299751e-01
8.779295835749539867e-01
8.002739980047770540e-01
7.257766060464739821e-01
6.555913267144339862e-01
5.908580974128919694e-01
5.327020798174699756e-01
4.822338920352829961e-01
4.405509129562870108e-01
4.087397039835520274e-01
3.878795933682480102e-01
3.790474692679219881e-01
3.833238294786420197e-01
4.018001386528959884e-01
4.355875477998210066e-01
4.858270360705549962e-01
5.537010413613839832e-01
6.404466542295059739e-01
7.473704591306500333e-01
8.758651181733170255e-01
1.027427805583690068e+00
1.200094135536079909e+00
1.374947476566019899e+00
1.549857980787040068e+00
1.724332134347960066e+00
1.897806364277760061e+00
2.069657001956609843e+00
2.239210221370759868e+00
2.405751923296640005e+00
2.568537532845020177e+00
2.726801674659399932e+00
2.879767687483619998e+00
3.026656937794019786e+00
3.166697890724849973e+00
3.299134895593800021e+00
3.423236642944239794e+00
3.538304250149700181e+00
3.643678933259869801e+00
3.738749223891260076e+00
3.822957691548579895e+00
3.895807133797410060e+00
3.956866199158179942e+00
4.005774410433310173e+00
4.042246559384939708e+00
4.066076447217930045e+00
4.077139949158159915e+00
4.075397385514800241e+00
4.060895185942420049e+00
4.033766838135660393e+00
3.994233116856470200e+00
3.942601593974309981e+00
3.879265435050740063e+00
3.804701492882470060e+00
3.719467713291430222e+00
3.624199873273670214e+00
3.519607676353960102e+00
3.406470234599929814e+00
3.285630971190950156e+00
3.157991981671170123e+00
3.024507896019230202e+00
2.886179287391859916e+00
2.744045676823160029e+00
2.599178186254690104e+00
2.452671895005220204e+00
2.305637957138960026e+00
2.159195539138730080e+00
2.014463638817010072e+00
1.872552847487990002e+00
1.734557118061470060e+00
1.601545601909579952e+00
1.474554617078029928e+00
1.354579809676659918e+00
1.242568569087330044e+00
1.139412755975830027e+00
1.043817400450439914e+00
9.464260165427490490e-01
8.474121057528509748e-01
7.478641587449710304e-01
6.488472166151969533e-01
5.513974281464519844e-01
4.565173422019159766e-01
3.651719681638179726e-01
2.782856324320229779e-01
1.967396544124909996e-01
1.213708612082179950e-01
5.297095643258219883e-02
-7.713244748306310322e-03
-5.997870501940189697e-02
-1.031641716421080046e-01
-1.366472949399230030e-01
-1.598408538686449942e-01
-1.721880841490230074e-01
-1.731571038168659982e-01
-1.622344295989600060e-01
-1.389175752042499934e-01
-1.027067193792060018e-01
-5.309542736404789659e-02
1.043959585067829980e-02
8.844974838918530369e-02
1.815268058616260061e-01
2.903162713011350204e-01
4.155318546846579753e-01
5.579711473775580410e-01
7.185325696186469768e-01
8.982336834949919968e-01
1.098230979855890022e+00
1.304890037775229938e+00
1.503426458405890065e+00
1.693855199084999930e+00
1.876156704214120063e+00
2.050246692917330193e+00
2.215987303595869928e+00
2.373197760309909921e+00
2.521664559753840074e+00
2.661151174147999843e+00
2.791407262550400059e+00
2.912177380868549825e+00
3.023209179196619800e+00
3.124261073992450122e+00
3.215109382001029914e+00
3.295554902713549783e+00
3.365428936480249877e+00
3.424598726146709904e+00
3.472972311224749919e+00
3.510502785109129942e+00
3.537191947675510040e+00
3.553093347711219874e+00
3.558314712005940184e+00
3.553019760528360216e+00
3.537429409902939970e+00
3.511822370344940047e+00
3.476535144275159972e+00
3.431961437984590191e+00
3.378551000919760128e+00
3.316807910375980217e+00
3.247288322585919929e+00
3.170597714342509921e+00
3.087387642365929885e+00
2.998352050581179817e+00
2.904223158293219864e+00
2.805766964893420035e+00
2.703778409185900067e+00
2.599076223656520135e+00
2.492497526000819974e+00
2.384892191955790164e+00
2.277117054930799966e+00
2.170029979085950078e+00
2.064483853350819853e+00
1.961320554395910021e+00
1.861364926766990058e+00
1.765418828248340066e+00
1.674255288043350109e+00
1.588612824544799906e+00
1.509189968315379993e+00
1.436640034416259981e+00
1.371566186417249922e+00
1.314516832305929972e+00
1.265981390097649983e+00
1.226386458247129996e+00
1.196092422998970006e+00
1.175390531600529975e+00
1.164500456864620004e+00
1.163568374932230087e+00
1.172665574272599986e+00
1.191787609996620034e+00
1.220854013478640088e+00
1.259708563109680046e+00
1.308120117772110014e+00
1.365784010364879952e+00
1.432323994446730087e+00
1.507294732838819984e+00
1.590184812866100028e+00
1.680420268850300047e+00
1.777368588527840076e+00
1.880343176283759909e+00
1.988608242495730094e+00
2.101384084898060056e+00
2.217852724730200009e+00
2.337163857557710056e+00
2.458441076056220087e+00
2.580788319767359784e+00
2.703296504875949857e+00
2.825050285441930153e+00
2.945134896261050184e+00
3.062643026638100174e+00
3.176681673841589948e+00
3.286378924875620111e+00
3.390890615456620072e+00
3.489406815723270050e+00
3.581158093224449779e+00
3.665421505129780044e+00
3.741526273372150158e+00
3.808859098553320166e+00
3.866869070908910189e+00
3.915072139421650110e+00
3.953055103269409898e+00
3.980479093178470151e+00
3.997082513898139844e+00
4.002683422894289578e+00
3.997181324447289796e+00
3.980558362607649947e+00
3.952879900876439923e+00
3.914294481006240112e+00
3.865033157929170127e+00
3.805408212476280028e+00
3.735811248222349779e+00
3.656710683438680221e+00
3.568648653727959807e+00
3.472237345411969933e+00
3.368154784118199796e+00
3.257140107222590064e+00
3.139988352826549978e+00
3.017544801744460159e+00
2.890698912522810193e+00
2.760377892774939834e+00
2.627539953072150158e+00
2.493167292258669843e+00
2.358258865333310084e+00
2.223822986939609780e+00
2.090869825027000140e+00
1.960403840357689997e+00
1.833416228235650092e+00
1.710877419125240051e+00
1.593729694682080034e+00
1.482879975160680042e+00
1.379192833176090094e+00
1.283483787395589992e+00
1.196512927926050018e+00
1.118978922950599975e+00
1.048785176596439994e+00
9.802606122786770015e-01
9.141998171541829699e-01
8.518491692503700197e-01
7.944560673271330309e-01
7.432681104764119473e-01
6.995333483521130047e-01
6.645016639118740409e-01
6.394273505703890192e-01
6.255729464896789827e-01
6.242143904680770294e-01
6.366475666352889862e-01
6.641963090277920312e-01
7.082219422171579515e-01
7.701344406129480014e-01
8.514052969870620213e-01
9.535822003020969495e-01
1.078305634214240083e+00
1.219757730458689959e+00
1.365977226013600054e+00
1.515917332951769891e+00
1.668966936989279892e+00
1.824445720415009964e+00
1.981612577603270031e+00
2.139674212209710102e+00
2.297793880183319981e+00
2.455100239058150002e+00
2.610696260797610080e+00
2.763668162766140135e+00
2.913094309208219990e+00
3.058054033912649849e+00
3.197636333551559851e+00
3.330948380496709937e+00
3.457123803720850042e+00
3.575330686704549787e+00
3.684779232053749798e+00
3.784729043798889858e+00
3.874495980065030043e+00
3.953458530962879802e+00
4.021063679133259683e+00
4.076832203350599926e+00
4.120363388941510330e+00
4.151339112464579983e+00
4.169527272097930393e+00
4.174784539466640076e+00
4.167058413167760378e+00
4.146388558988680195e+00
4.112907426722769877e+00
4.066840138528410087e+00
4.008503648911130313e+00
3.938305181597030025e+00
3.856739953764459994e+00
3.764388203269410038e+00
3.661911539603739829e+00
3.550048644311739832e+00
3.429610351433579840e+00
3.301474143194469857e+00
3.166578100586340039e+00
3.025914352655449946e+00
2.880522072177280180e+00
2.731480068949680096e+00
2.579899035122190210e+00
2.426913499784680184e+00
2.273673552447189827e+00
2.121336397009700114e+00
1.971057799356729978e+00
1.823983492779410076e+00
1.681240606031539908e+00
1.543929178950520065e+00
1.413113830213400091e+00
1.289815640964220078e+00
1.175004316728730069e+00
1.068873228730200076e+00
9.620729392000230140e-01
8.519793979715080123e-01
7.396349168886500181e-01
6.260515124160610512e-01
5.122037013806870487e-01
3.990219104123949867e-01
2.873865235244950078e-01
1.781225856406850050e-01
7.199517335847829824e-02
-3.029456210643489966e-02
-1.281126809779989939e-01
-2.208950770525379970e-01
-3.081494485769579739e-01
-3.894566358355999736e-01
-4.644713483622939787e-01
-5.329223092924699756e-01
-5.946118485987630375e-01
-6.494149807942289909e-01
-6.972780061425649656e-01
-7.382166774760029471e-01
-7.723139773892130355e-01
-7.997175528657110011e-01
-8.206368563017759632e-01
-8.353400434432189936e-01
-8.441506799559550522e-01
-8.474443092353519669e-01
-8.456449346459029570e-01
-8.392214696989259703e-01
-8.286842097542089780e-01
-8.145813787037939901e-01
-7.974958038008089778e-01
-7.780417713706929694e-01
-7.568621156295090024e-01
-7.346255922769300284e-01
-7.120245879770999986e-01
-6.897732163368499592e-01
-6.686058505873849755e-01
-6.492761429275289986e-01
-6.325565804459180042e-01
-6.192386277650779869e-01
-6.101335071023890055e-01
-6.060736673806790265e-01
-6.079149954131289890e-01
-6.165398240988509970e-01
-6.328607950697290319e-01
-6.578256364005540258e-01
-6.924229199139509960e-01
-7.376888673625859871e-01
-7.947152804451019792e-01
-8.646586763073279558e-01
-9.487507179955769754e-01
-1.048310038385450005e+00
-1.162826864634000090e+00
-1.279725732980689923e+00
-1.397746104103120057e+00
-1.516769351247239994e+00
-1.636602957836639893e+00
-1.756987251414660056e+00
-1.877602185013049985e+00
-1.998074157937800077e+00
-2.117982863936899829e+00
-2.236868151088020173e+00
-2.354236874496200116e+00
-2.469569720039729965e+00
-2.582327974938079862e+00
-2.691960218841900065e+00
-2.797908907463579897e+00
-2.899616819463960216e+00
-2.996533336396180136e+00
-3.088120524967460145e+00
-3.173858990702099980e+00
-3.253253472281340208e+00
-3.325838146367829928e+00
-3.391181613597030076e+00
-3.448891537612030156e+00
-3.498618910520260084e+00
-3.540061919943770175e+00
-3.572969394894879969e+00
-3.597143810022620070e+00
-3.612443830316300009e+00
-3.618786381096069871e+00
-3.616148231048569972e+00
-3.604567079145370112e+00
-3.584142139492219936e+00
-3.555034221468170053e+00
-3.517465305899090122e+00
-3.471717621440450152e+00
-3.418132228793029803e+00
-3.357107123812559824e+00
-3.289094873970729971e+00
-3.214599805959049927e+00
-3.134174765460500112e+00
-3.048417473232159836e+00
-2.957966504607750124e+00
-2.863496922331319805e+00
-2.765715595232610013e+00
-2.665356237642650061e+00
-2.563174206600930205e+00
-2.459941095797249844e+00
-2.356439166818140141e+00
-2.253455659605379857e+00
-2.151777025072190153e+00
-2.052183123556449829e+00
-1.955441433201120072e+00
-1.862301312450449942e+00
-1.773488360614410064e+00
-1.689698919897979934e+00
-1.611594761414220089e+00
-1.539797996497199950e+00
-1.474886253122899893e+00
-1.417388155431519969e+00
-1.367779142239569978e+00
-1.326477658049550090e+00
-1.293841747420410027e+00
-1.270166080679189902e+00
-1.255679435843159997e+00
-1.250542658314210076e+00
-1.254847116420330089e+00
-1.268613667240209963e+00
-1.291792143382169966e+00
-1.324261367525219946e+00
-1.365829697596379955e+00
-1.416236101482829968e+00
-1.475151756191869890e+00
-1.542182162400340006e+00
-1.616869761415459905e+00
-1.698697037724550052e+00
-1.787090086571279990e+00
-1.881422622395310107e+00
-1.981020400529730052e+00
-2.085166021299070138e+00
-2.193104082624580009e+00
-2.304046644442370173e+00
-2.417178965705189864e+00
-2.531665472475590040e+00
-2.646655913664500037e+00
-2.761291659325019854e+00
-2.874712095095639963e+00
-2.986061065418249783e+00
-3.094493317531520127e+00
-3.199180897974999827e+00
-3.299319453435630045e+00
-3.394134388222649790e+00
-3.482886831477760126e+00
-3.564879368394540116e+00
-3.639461491248780156e+00
-3.706034727900359815e+00
-3.764057407615700068e+00
-3.813049026563950061e+00
-3.852594178135670067e+00
-3.882346016307010039e+00
-3.902029223601629848e+00
-3.911442458761340113e+00
-3.910460263002499826e+00
-3.899034407678169778e+00
-3.877194670261059795e+00
-3.845049029775020166e+00
-3.802783277106819959e+00
-3.750660039989540007e+00
-3.689017226834510055e+00
-3.618265897966749911e+00
-3.538887577154659958e+00
-3.451431020590079779e+00
-3.356508464629550215e+00
-3.254791377632530125e+00
-3.147005745080500017e+00
-3.033926920816099937e+00
-2.916374080670970148e+00
-2.795204317921490045e+00
-2.671306422909950129e+00
-2.545594391761699882e+00
-2.419000711398690218e+00
-2.292469469981349928e+00
-2.166949343477920120e+00
-2.043386510266739897e+00
-1.922717546488410090e+00
-1.805862355293190058e+00
-1.693717183161969952e+00
-1.587147776107250108e+00
-1.486982727797989901e+00
-1.394007070491859901e+00
-1.308956158109989998e+00
-1.232509888866029968e+00
-1.165287312567139910e+00
-1.107841665067859971e+00
-1.058044140368799901e+00
-1.012683366208469993e+00
-9.729245978299080333e-01
-9.401378907467190515e-01
-9.157141396372070474e-01
-9.010678583103850503e-01
-8.976412903668730126e-01
-9.069099356156390401e-01
-9.303895811877309630e-01
-9.696449313658139779e-01
-1.026299936554589953e+00
-1.101998109091649969e+00
-1.191874988983359973e+00
-1.290018249338920064e+00
-1.395922856600390061e+00
-1.509006790302670042e+00
-1.628616386588449982e+00
-1.754032126721770002e+00
-1.884474840034420007e+00
-2.019112286560269975e+00
-2.157066080762629845e+00
-2.297418914241810217e+00
-2.439222032152919883e+00
-2.581502915296370215e+00
-2.723273117467289950e+00
-2.863536205692729819e+00
-3.001295749456140083e+00
-3.135563303912820121e+00
-3.265366331455270110e+00
-3.389756005779120063e+00
-3.507814842855069948e+00
-3.618664103904389862e+00
-3.721470916609829871e+00
-3.815455062367529848e+00
-3.899895379373170101e+00
-3.974135733734930120e+00
-4.037590513594020436e+00
-4.089749604388959625e+00
-4.130182806904770132e+00
-4.158543663567759729e+00
-4.174572662565240400e+00
-4.178099793744260104e+00
-4.169046434849899896e+00
-4.147426551465549949e+00
-4.113347198977219676e+00
-4.067008319967610142e+00
-4.008701835611799602e+00
-3.938810034859370202e+00
-3.857803270403569851e+00
-3.766236975625009809e+00
-3.664748021805710021e+00
-3.554050439906999870e+00
-3.434930536054720207e+00
-3.308241434529879843e+00
-3.174897086499270049e+00
-3.035865786894509810e+00
-2.892163245728339938e+00
-2.744845263697940130e+00
-2.595000065126619848e+00
-2.443740344130540088e+00
-2.292195082317479926e+00
-2.141501198330740152e+00
-1.992795091119549999e+00
-1.847204139923130040e+00
-1.705838224606039955e+00
-1.569781330155890053e+00
-1.440083298850979965e+00
-1.317751792830349933e+00
-1.203744528542100012e+00
-1.098939065803560045e+00
-9.970255677584249909e-01
-8.920793667244070191e-01
-7.851719889142280140e-01
-6.773500126059609494e-01
-5.696283196528370008e-01
-4.629839987467689877e-01
-3.583509306416859941e-01
-2.566150795383519978e-01
-1.586105090011120100e-01
-6.511613518638789677e-02
2.314677515852819889e-02
1.055163594563300056e-01
1.813911689704230112e-01
2.502304397532009728e-01
3.115536350075259753e-01
3.649392722913999965e-01
4.100230517835909971e-01
4.464953040801939999e-01
4.740977776895000106e-01
4.926197875062789944e-01
5.018937460659620431e-01
5.017900992783560499e-01
4.922116876080280257e-01
4.730875522886400231e-01
4.443662041153509934e-01
4.060083696407619791e-01
3.579792261892950078e-01
3.002401329888069736e-01
2.327398608759730092e-01
1.554053174507490087e-01
6.813175820374389735e-02
-2.922753300051990008e-02
-1.368721186627969988e-01
-2.550658710137880258e-01
-3.841490671278389724e-01
-5.245511695824880416e-01
-6.768043581442370060e-01
-8.415578907167390321e-01
-1.019593385706889954e+00
-1.207922481448520102e+00
-1.386045899281699967e+00
-1.552646987100239961e+00
-1.708228521803170086e+00
-1.853221710733810035e+00
-1.987996145516820024e+00
-2.112869097176130140e+00
-2.228114180888390194e+00
-2.333969414815149968e+00
-2.430644694108909931e+00
-2.518328698347770178e+00
-2.597195248306710003e+00
-2.667409126066429881e+00
-2.729131370968830073e+00
-2.782524062821880140e+00
-2.827754602995419919e+00
-2.864999503611040055e+00
-2.894447694879779931e+00
-2.916303360751490104e+00
-2.930788313383379862e+00
-2.938143917480529943e+00
-2.938632576285920006e+00
-2.932538791870200168e+00
-2.920169813368690193e+00
-2.901855887909340126e+00
-2.877950130145269902e+00
-2.848828027525950102e+00
-2.814886599688060098e+00
-2.776543231600599793e+00
-2.734234201333650027e+00
-2.688412924522950220e+00
-2.639547938745700151e+00
-2.588120652095780017e+00
-2.534622881230029989e+00
-2.479554205033370096e+00
-2.423419160809990203e+00
-2.366724310535070153e+00
-2.309975205184830127e+00
-2.253673275496189898e+00
-2.198312677676899973e+00
-2.144377122594689933e+00
-2.092336716804629848e+00
-2.042644843432460000e+00
-1.995735110414170066e+00
-1.952018392894530052e+00
-1.911879995717510106e+00
-1.875676960898289947e+00
-1.843735543754529971e+00
-1.816348880003209931e+00
-1.793774864600939933e+00
-1.776234261435480022e+00
-1.763909061167010073e+00
-1.756941102587570080e+00
-1.755430970824779946e+00
-1.759437183574769969e+00
-1.768975674326499936e+00
-1.784019579246830078e+00
-1.804499332051610061e+00
-1.830303068807600075e+00
-1.861277342210750030e+00
-1.897228142484550073e+00
-1.937922219656450062e+00
-1.983088699617510109e+00
-2.032420984066409808e+00
-2.085578922203930041e+00
-2.142191239891139798e+00
-2.201858209932070043e+00
-2.264154545205309788e+00
-2.328632494561409860e+00
-2.394825119742280073e+00
-2.462249730070570131e+00
-2.530411450323189815e+00
-2.598806896045700032e+00
-2.666927929595300117e+00
-2.734265469431799822e+00
-2.800313324607480059e+00
-2.864572026049520215e+00
-2.926552626083770203e+00
-2.985780437717270086e+00
-3.041798685483450004e+00
-3.094172040149619995e+00
-3.142490010299479941e+00
-3.186370164719449782e+00
-3.225461160635399782e+00
-3.259445554160179892e+00
-3.288042370808689885e+00
-3.311009415609489803e+00
-3.328145304177379860e+00
-3.339291198096180135e+00
-3.344332230082479818e+00
-3.343198606642530102e+00
-3.335866378281540090e+00
-3.322357869758159943e+00
-3.302741765380869943e+00
-3.277132846897670149e+00
-3.245691384117950218e+00
-3.208622181005670093e+00
-3.166173282577060100e+00
-3.118634350504580155e+00
-3.066334717850600189e+00
-3.009641135815050106e+00
-2.948955227754519903e+00
-2.884710668004930145e+00
-2.817370105195629915e+00
-2.747421851759990208e+00
-2.675376363216220188e+00
-2.601762532492339908e+00
-2.527123826089459957e+00
-2.452014290206140146e+00
-2.376994456069000172e+00
-2.302627174629429785e+00
-2.229473411472940203e+00
-2.158088033251920113e+00
-2.089015617183959783e+00
-2.022786315151599901e+00
-1.959911803699770028e+00
-1.900881350750710075e+00
-1.846158029144729928e+00
-1.796175106177400060e+00
-1.751332637138339976e+00
-1.711994289480299969e+00
-1.678484422658550024e+00
-1.651085446899289932e+00
-1.630035482190109963e+00
-1.615526336648019923e+00
-1.607701821130409936e+00
-1.606656414523859988e+00
-1.612434291594530000e+00
-1.625028722630390110e+00
-1.644381851367969993e+00
-1.670384854896169946e+00
-1.702878486385950074e+00
-1.741653998630759981e+00
-1.786454443516559909e+00
-1.836976339697470095e+00
-1.892871697951499899e+00
-1.953750390953540084e+00
-2.019182851550750168e+00
-2.088703081077230017e+00
-2.161811946824359953e+00
-2.237980745500579793e+00
-2.316655007399889943e+00
-2.397258514057989842e+00
-2.479197500427300138e+00
-2.561865011066760012e+00
-2.644645378522609835e+00
-2.726918790990179975e+00
-2.808065915502469867e+00
-2.887472542292340183e+00
-2.964534215635549863e+00
-3.038660816392740216e+00
-3.109281061648319966e+00
-3.175846887278769959e+00
-3.237837679975459793e+00
-3.294764326199319804e+00
-3.346173046739839840e+00
-3.391648986990900116e+00
-3.430819534726969877e+00
-3.463357339053569905e+00
-3.488983006305720114e+00
-3.507467450957700184e+00
-3.518633882077200070e+00
-3.522359408483609844e+00
-3.518576248537209850e+00
-3.507272533374619972e+00
-3.488492695392340082e+00
-3.462337436845280170e+00
-3.428963276546079797e+00
-3.388581675803110205e+00
-3.341457747893120001e+00
-3.287908558510929780e+00
-3.228301027742249918e+00
-3.163049447149000049e+00
-3.092612628515199802e+00
-3.017490703648769923e+00
-2.938221597355219927e+00
-2.855377198267050165e+00
-2.769559254608449983e+00
-2.681395024183160114e+00
-2.591532709869389883e+00
-2.500636713685150170e+00
-2.409382744020419853e+00
-2.318452811919410106e+00
-2.228530153321980123e+00
-2.140294114922619784e+00
-2.054415041782220008e+00
-1.971549205018509943e+00
-1.892333807805079982e+00
-1.817382107528390023e+00
-1.747278691281539897e+00
-1.682574940927779927e+00
-1.623784722736079988e+00
-1.571380335096999925e+00
-1.525788746073359903e+00
-1.487388150536069986e+00
-1.456504874401139960e+00
-1.433410651029390026e+00
-1.418320292195019983e+00
-1.411389773192639918e+00
-1.412714748652529995e+00
-1.422329512495640103e+00
-1.440206412201999964e+00
-1.466255724216440015e+00
-1.500325993895639920e+00
-1.542204839937189931e+00
-1.591620219750079945e+00
-1.648242148751720038e+00
-1.711684863138009938e+00
-1.781509412291649941e+00
-1.857226663702449931e+00
-1.938300700086220019e+00
-2.024152585343579780e+00
-2.114164473110129894e+00
-2.207684028938869947e+00
-2.304029134653330146e+00
-2.402492841124149958e+00
-2.502348533679669806e+00
-2.602855272576740209e+00
-2.703263269442560013e+00
-2.802819459373710131e+00
-2.900773127439950194e+00
-2.996381547716929994e+00
-3.088915592651590103e+00
-3.177665270558950095e+00
-3.261945149364459784e+00
-3.341099625332229817e+00
-3.414507996460229844e+00
-3.481589301473030140e+00
-3.541806886888189787e+00
-3.594672666471930178e+00
-3.639751039510689790e+00
-3.676662436705500081e+00
-3.705086465118640149e+00
-3.724764626453279881e+00
-3.735502586008399906e+00
-3.737171972896140115e+00
-3.729711695518440173e+00
-3.713128759847169835e+00
-3.687498581711420087e+00
-3.652964788040579780e+00
-3.609738505815600185e+00
-3.558097141313179890e+00
-3.498382656061219897e+00
-3.430999349731719938e+00
-3.356411163945610010e+00
-3.275138524630819781e+00
-3.187754744127799800e+00
-3.094882007648819933e+00
-2.997186971946240064e+00
-2.895376007097210103e+00
-2.790190115157430206e+00
-2.682399562035009843e+00
-2.572798261280639931e+00
-2.462197950559219972e+00
-2.351422203336460015e+00
-2.241300319779710115e+00
-2.132661142012690192e+00
-2.026326839671320101e+00
-1.923106712178680011e+00
-1.823791054277029922e+00
-1.729145131135060076e+00
-1.639903308770989998e+00
-1.556763384614189949e+00
-1.480381161770609966e+00
-1.411365308960210063e+00
-1.350272546181469968e+00
-1.297603193930199961e+00
-1.253797121277459903e+00
-1.219230125311999924e+00
-1.194210771392419934e+00
-1.178977720360500081e+00
-1.173697565355199979e+00
-1.178463197170340093e+00
-1.193292713238460090e+00
-1.218128881330069913e+00
-1.252839164959349993e+00
-1.297216313314730085e+00
-1.350979514317379948e+00
-1.413776105181739906e+00
-1.485183830645570024e+00
-1.564713634876850001e+00
-1.651812968992599995e+00
-1.745869592162899941e+00
-1.846215840454590085e+00
-1.952133333927460024e+00
-2.062858089051640142e+00
-2.177586000300359981e+00
-2.295478651813489979e+00
-2.415669417341300029e+00
-2.537269804297820119e+00
-2.659375995680719917e+00
-2.781075541889510117e+00
-2.901454153091730159e+00
-3.019602541766409853e+00
-3.134623264412379928e+00
-3.245637511138840026e+00
-3.351791791972190016e+00
-3.452264469214319842e+00
-3.546272086067789875e+00
-3.633075443007209859e+00
-3.711985375001289889e+00
-3.782368184686260015e+00
-3.843650688926870007e+00
-3.895324838869929973e+00
-3.936951876580689902e+00
-3.968165994625649784e+00
-3.988677468511450108e+00
-3.998275235679180195e+00
-3.996828898760270032e+00
-3.984290134995890131e+00
-3.960693498075050112e+00
-3.926156603127589850e+00
-3.880879690180529806e+00
-3.825144566020690196e+00
-3.759312929063729936e+00
-3.683824086479199789e+00
-3.599192077426020209e+00
-3.506002220777019840e+00
-3.404907110124749892e+00
-3.296622083121989899e+00
-3.181920196300020098e+00
-3.061626740376719891e+00
-2.936613334698699784e+00
-2.807791642825999912e+00
-2.676106754328050119e+00
-2.542530280605499904e+00
-2.408053214952050158e+00
-2.273678609104210047e+00
-2.140414120185469837e+00
-2.009264483206400165e+00
-1.881223965142819976e+00
-1.757268857045910071e+00
-1.638350060657709939e+00
-1.525385825602100009e+00
-1.419254692388749906e+00
-1.320788695224399900e+00
-1.230766876966870038e+00
-1.149909166497040003e+00
-1.078372197160490042e+00
-1.010017760770169915e+00
-9.437182521114679812e-01
-8.807236700715920241e-01
-8.222863989091320214e-01
-7.696600871673769939e-01
-7.240995805350599612e-01
-6.868619715872059661e-01
-6.592088291859270477e-01
-6.424096709495840107e-01
-6.377467437097159575e-01
-6.465211793692430264e-01
-6.700605971630619884e-01
-7.097282281118000302e-01
-7.669336435732519996e-01
-8.431451773540710182e-01
-9.399041399836769450e-01
-1.058840934610669970e+00
-1.196794953661469929e+00
-1.340277180040269966e+00
-1.487790091793190106e+00
-1.638730997377960019e+00
-1.792426648639489972e+00
-1.948141510553460076e+00
-2.105086230506000078e+00
-2.262426271655880061e+00
-2.419290671179029850e+00
-2.574780880915549908e+00
-2.727979645148820076e+00
-2.877959867949820172e+00
-3.023793420716290203e+00
-3.164559839242110151e+00
-3.299354858846040184e+00
-3.427298735796279860e+00
-3.547544303458590065e+00
-3.659284712272159901e+00
-3.761760803815540122e+00
-3.854268070835599858e+00
-3.936163157171149951e+00
-4.006869853986589902e+00
-4.065884551613420328e+00
-4.112781109562120285e+00
-4.147215110875060340e+00
-4.168927470926830026e+00
-4.177747374997210272e+00
-4.173594523417300195e+00
-4.156480667784239635e+00
-4.126510426615469740e+00
-4.083881373833509798e+00
-4.028883398595340282e+00
-3.961897340168750059e+00
-3.883392906766280017e+00
-3.793925892442850056e+00
-3.694134711294689843e+00
-3.584736273231719839e+00
-3.466521230493710082e+00
-3.340348628795120067e+00
-3.207140001488410164e+00
-3.067872949386539982e+00
-2.923574252849760136e+00
-2.775312566391679781e+00
-2.624190749354990082e+00
-2.471337889139070043e+00
-2.317901075979889924e+00
-2.165036990387950055e+00
-2.013903366015980190e+00
-1.865650391930439911e+00
-1.721412119004269936e+00
-1.582297935411429934e+00
-1.449384175984619993e+00
-1.323705929500480050e+00
-1.206249106772119939e+00
-1.097896008329710016e+00
-9.920015010528260291e-01
-8.824932178300279872e-01
-7.704196243720380366e-01
-6.568008363913609982e-01
-5.426212195936920279e-01
-4.288225932955799791e-01
-3.162980637865019928e-01
-2.058865068587490132e-01
-9.836771233564380046e-02
5.541803000039739573e-03
1.051923139191049961e-01
2.000037425435290117e-01
2.894678630042609724e-01
3.731498719742599723e-01
4.506893472007549861e-01
5.218006209281520480e-01
5.862725995091909725e-01
6.439680645324420416e-01
6.948224944481909970e-01
7.388424489394059824e-01
7.761035611739359741e-01
8.067481855829200521e-01
8.309827509540630430e-01
8.490748704223219923e-01
8.613502613981079969e-01
8.681895296203689938e-01
8.700248723825370067e-01
8.673367565820879754e-01
8.606506276226959518e-01
8.505337053862229713e-01
8.375919235294779774e-01
8.224670682882789796e-01
8.058341728345760346e-01
7.883992230765309861e-01
7.708972306680930142e-01
7.540907289548760550e-01
7.387687476824289501e-01
7.257463225896779724e-01
7.158645965636879493e-01
7.099915699076440045e-01
7.090235585358289905e-01
7.138874206301429881e-01
7.255436145445379736e-01
7.449901536046169559e-01
7.732675270023330327e-01
8.114646603167730010e-01
8.607259943953600168e-01
9.222597675032599973e-01
9.973475929022429520e-01
1.087355432461780014e+00
1.188003746365059898e+00
1.291328968227259955e+00
1.396973681359449992e+00
1.504800979800990035e+00
1.614601288576370086e+00
1.726098353065719904e+00
1.838955344282529936e+00
1.952781070901560057e+00
2.067136284922240108e+00
2.181540064231410003e+00
2.295476252071269929e+00
2.408399930510260134e+00
2.519743902467340035e+00
2.628925154663760200e+00
2.735351272059760142e+00
2.838426772887689964e+00
2.937559332314890082e+00
3.032165862052050187e+00
3.121678412871609964e+00
3.205549866995140107e+00
3.283259387660579787e+00
3.354317593862940150e+00
3.418271429272070172e+00
3.474708695658789814e+00
3.523262222782109987e+00
3.563613648596810179e+00
3.595496785811110207e+00
3.618700553237080175e+00
3.633071453014399932e+00
3.638515577623119945e+00
3.635000133615520213e+00
3.622554472159690064e+00
3.601270619776249848e+00
3.571303306035900071e+00
3.532869488442170081e+00
3.486247378223219950e+00
3.431774974269420131e+00
3.369848115953860024e+00
3.300918069028090152e+00
3.225488662175489907e+00
3.144112995092239959e+00
3.057389742131780164e+00
2.965959078567339979e+00
2.870498259366100147e+00
2.771716883015459931e+00
2.670351875366849814e+00
2.567162230647110022e+00
2.462923548717410149e+00
2.358422409308610135e+00
2.254450625331640090e+00
2.151799418418329779e+00
2.051253560600600157e+00
1.953585526468520017e+00
1.859549700250249904e+00
1.769876682037460069e+00
1.685267736828969909e+00
1.606389429187049966e+00
1.533868485104350032e+00
1.468286921162089920e+00
1.410177479245459997e+00
1.360019402964780078e+00
1.318234589539309942e+00
1.285184148245229974e+00
1.261165393624849917e+00
1.246409298529290055e+00
1.241078428735709949e+00
1.245265377371270077e+00
1.258991713712829918e+00
1.282207457140720042e+00
1.314791083134029925e+00
1.356550064232900032e+00
1.407221944889579968e+00
1.466475945112150070e+00
1.533915083807229962e+00
1.609078808775090019e+00
1.691446116436480018e+00
1.780439140603309989e+00
1.875427185971709987e+00
1.975731178550170108e+00
2.080628501951769849e+00
2.189358185421100167e+00
2.301126406641710087e+00
2.415112269806860112e+00
2.530473817161900119e+00
2.646354230246660055e+00
2.761888175407880119e+00
2.876208246825420201e+00
2.988451459310020208e+00
3.097765742503390207e+00
3.203316387833710088e+00
3.304292399676810099e+00
3.399912702627520211e+00
3.489432157602769813e+00
3.572147340680099870e+00
3.647402040102090126e+00
3.714592428750400188e+00
3.773171871596670002e+00
3.822655330153510000e+00
3.862623328767349928e+00
3.892725450686369992e+00
3.912683335191580181e+00
3.922293150662369943e+00
3.921427522240419794e+00
3.910036896729260025e+00
3.888150331490579870e+00
3.855875698344129798e+00
3.813399297813810040e+00
3.760984883456960137e+00
3.698972100432110111e+00
3.627774346874450107e+00
3.547876071018349897e+00
3.459829521304119915e+00
3.364250970899790083e+00
3.261816442120169857e+00
3.153256960111169960e+00
3.039353368852950155e+00
2.920930745991130006e+00
2.798852456209719897e+00
2.674013885777040134e+00
2.547335903519710065e+00
2.419758095766970207e+00
2.292231824757910097e+00
2.165713161594919889e+00
2.041155746035840046e+00
1.919503626249390082e+00
1.801684132091960100e+00
1.688600835498510033e+00
1.581126651216619994e+00
1.480097130341980094e+00
1.386303997955740108e+00
1.300488984603410003e+00
1.223337999421870048e+00
1.155475690417480106e+00
1.097401470290380043e+00
1.045733364736689985e+00
9.981901863080949733e-01
9.561116206646520510e-01
9.208545202795780371e-01
8.937942321681470181e-01
8.763271582200610199e-01
8.698746280977629475e-01
8.758881672040790267e-01
8.958562458100820525e-01
9.313126001919990182e-01
9.838462226852310311e-01
1.055113125059280010e+00
1.145700351378269977e+00
1.245689886183880102e+00
1.353333634192970036e+00
1.468074830971960010e+00
1.589282455542190053e+00
1.716257126043440051e+00
1.848237404021989994e+00
1.984406473990230069e+00
2.123899160897920080e+00
2.265809244498090180e+00
2.409197026302159816e+00
2.553097101913520017e+00
2.696526289037139978e+00
2.838491659377320175e+00
2.977998620998940194e+00
3.114058996522750089e+00
3.245699041770469861e+00
3.371967349181260065e+00
3.491942580473249791e+00
3.604740973632460044e+00
3.709523570368360001e+00
3.805503111666860061e+00
3.891950550997179903e+00
3.968201137058259942e+00
4.033660020685860381e+00
4.087807343645209812e+00
4.130202770490839725e+00
4.160489428462549988e+00
4.178397224467450322e+00
4.183745512550370194e+00
4.176445089842020231e+00
4.156499503762869807e+00
4.124005658214580095e+00
4.079153711574289964e+00
4.022226264479679791e+00
3.953596840616290020e+00
3.873727668955670111e+00
3.783166781098339815e+00
3.682544442516010097e+00
3.572568941519330021e+00
3.454021764661519889e+00
3.327752191991669939e+00
3.194671350047740166e+00
3.055745764709960177e+00
2.911990459964819866e+00
2.764461652245730150e+00
2.614249093284179981e+00
2.462468117288259872e+00
2.310251450756950042e+00
2.158740845304790046e+00
2.009078595496589958e+00
1.862399004868799945e+00
1.719819864016040034e+00
1.582434004864379906e+00
1.451300995001759908e+00
1.327439035217109931e+00
1.211817122204090102e+00
1.105347536713219947e+00
1.002369553537409974e+00
8.962480684619350546e-01
7.879230110300480261e-01
6.784353228010570058e-01
5.687934845066080491e-01
4.599671737090790247e-01
3.528815877362559972e-01
2.484124550963829892e-01
1.473817525186409960e-01
5.055413890483909795e-02
-4.136588812153169786e-02
-1.277361126890750043e-01
-2.079780027649719976e-01
-2.815774030368279890e-01
-3.480845319630480050e-01
-4.071133001113579897e-01
-4.583399701967910134e-01
-5.015011820307659907e-01
-5.363913678886199632e-01
-5.628595855798860237e-01
-5.808057977435570063e-01
-5.901766265845079795e-01
-5.909606134057450166e-01
-5.831830118675329633e-01
-5.669001429146649507e-01
-5.421933377526040321e-01
-5.091624931195569692e-01
-4.679192603910100057e-01
-4.185798867652659738e-01
-3.612577229063850259e-01
-2.960554069636370245e-01
-2.230567298355750072e-01
-1.423181808930729930e-01
-5.386016711051989925e-02
4.234210834411000074e-02
1.463681295497329948e-01
2.583619430144800111e-01
3.785424632333370121e-01
5.072142569173380133e-01
6.447788646475749452e-01
7.917467299995439856e-01
9.487498183844159660e-01
1.116161947828119949e+00
1.281083430251970023e+00
1.434013760019670070e+00
1.575658154697660018e+00
1.706644476737809946e+00
1.827532449462550002e+00
1.938822192914479992e+00
2.040962119242470063e+00
2.134356223023500032e+00
2.219370798167190184e+00
2.296340609772709929e+00
2.365574546468379946e+00
2.427360776334510195e+00
2.481971427446500122e+00
2.529666812361610173e+00
2.570699214466209970e+00
2.605316252979000158e+00
2.633763842544400102e+00
2.656288762717089913e+00
2.673140852214900054e+00
2.684574842575159881e+00
2.690851845767970207e+00
2.692240510376750162e+00
2.689017861129050058e+00
2.681469836831969822e+00
2.669891542113429939e+00
2.654587228777490093e+00
2.635870023029549980e+00
2.614061415299509861e+00
2.589490529871949942e+00
2.562493192006760179e+00
2.533410810688060177e+00
2.502589095559620169e+00
2.470376626981670043e+00
2.437123298462290144e+00
2.403178650969969965e+00
2.368890118812509993e+00
2.334601206861830036e+00
2.300649618910440175e+00
2.267365356856089864e+00
2.235068810221629843e+00
2.204068855226169799e+00
2.174660982225740113e+00
2.147125469840370116e+00
2.121725623474000066e+00
2.098706095220059797e+00
2.078291301328980101e+00
2.060683952496149995e+00
2.046063711217000147e+00
2.034585989352169833e+00
2.026380897857909869e+00
2.021552359370850205e+00
2.020177392999349841e+00
2.022305579275689880e+00
2.027958711770229794e+00
2.037130640373059798e+00
2.049787309718139827e+00
2.065866994670820134e+00
2.085280733232380168e+00
2.107912955645459885e+00
2.133622306923470102e+00
2.162242658485280078e+00
2.193584303067150021e+00
2.227435325613190020e+00
2.263563141430810166e+00
2.301716191543130119e+00
2.341625783889159873e+00
2.383008067824860188e+00
2.425566128270669974e+00
2.468992184843819881e+00
2.512969880415099944e+00
2.557176642744189987e+00
2.601286102185489835e+00
2.644970547916989823e+00
2.687903404740310087e+00
2.729761712227360082e+00
2.770228587853429847e+00
2.808995655761480137e+00
2.845765422944090073e+00
2.880253584911280029e+00
2.912191243331600177e+00
2.941327018686190176e+00
2.967429041661710176e+00
2.990286807816949999e+00
3.009712880992390094e+00
3.025544431977829962e+00
3.037644600107740178e+00
3.045903666708440038e+00
3.050240030664450153e+00
3.050600977796889879e+00
3.046963237241719913e+00
3.039333319570590053e+00
3.027747632999870042e+00
3.012272375673069824e+00
2.993003203665229872e+00
2.970064676033350004e+00
2.943609479912140170e+00
2.913817440315439988e+00
2.880894320939869857e+00
2.845070423865009968e+00
2.806598997591319922e+00
2.765754464342550012e+00
2.722830478969440193e+00
2.678137833119929923e+00
2.632002219570630075e+00
2.584761872741290212e+00
2.536765102427290142e+00
2.488367738674199803e+00
2.439930506480270100e+00
2.391816349637830186e+00
2.344387723507340038e+00
2.298003876857380057e+00
2.253018143090760095e+00
2.209775261217480136e+00
2.168608746818510014e+00
2.129838332978109872e+00
2.093767500745630006e+00
2.060681118119319866e+00
2.030843205833809950e+00
2.004494847379839850e+00
1.981852259696530005e+00
1.963105039860250089e+00
1.948414601856750084e+00
1.937912816174089947e+00
1.931700863501270016e+00
1.929848312273350075e+00
1.932392428178109967e+00
1.939337722043900092e+00
1.950655740776259917e+00
1.966285104213610024e+00
1.986131788945030063e+00
2.010069658287170213e+00
2.037941235768410131e+00
2.069558717628579902e+00
2.104705218027429936e+00
2.143136238876940158e+00
2.184581354485540139e+00
2.228746099539579806e+00
2.275314047362630099e+00
2.323949063895800027e+00
2.374297721448439979e+00
2.425991854985099838e+00
2.478651242553960188e+00
2.531886390432879885e+00
2.585301402680530103e+00
2.638496914038699792e+00
2.691073064543870075e+00
2.742632493777460212e+00
2.792783332419809916e+00
2.841142168671829893e+00
2.887336967177720037e+00
2.931009918317879936e+00
2.971820196144359993e+00
3.009446603799209807e+00
3.043590085986710214e+00
3.073976088956989816e+00
3.100356749496589792e+00
3.122512895604080185e+00
3.140255842847719858e+00
3.153428971847060058e+00
3.161909073883530041e+00
3.165607453312739850e+00
3.164470777213530095e+00
3.158481664551790136e+00
3.147659009048170198e+00
3.132058031903279804e+00
3.111770062538219861e+00
3.086922047536800218e+00
3.057675790013690165e+00
3.024226923665410016e+00
2.986803627772240066e+00
2.945665091393829815e+00
2.901099736925710104e+00
2.853423215041840155e+00
2.802976184825809902e+00
2.750121894577389980e+00
2.695243580358039903e+00
2.638741700796769951e+00
2.581031028002870098e+00
2.522537615618590134e+00
2.463695666077000190e+00
2.404944320004160030e+00
2.346724391411449950e+00
2.289475072856789861e+00
2.233630635108040163e+00
2.179617146013899998e+00
2.127849233277100183e+00
2.078726915627429950e+00
2.032632526510099957e+00
1.989927753841979952e+00
1.950950818643589990e+00
1.916013814436160034e+00
1.885400228205879936e+00
1.859362662487809903e+00
1.838120776719230021e+00
1.821859464466059952e+00
1.810727281447410020e+00
1.804835137483359997e+00
1.804255263583149915e+00
1.809020463389440003e+00
1.819123656111969911e+00
1.834517715937789895e+00
1.855115610709930030e+00
1.880790840438260059e+00
1.911378173962029914e+00
1.946674679840489919e+00
1.986441045321239995e+00
2.030403175043990149e+00
2.078254058996820142e+00
2.129655897166870204e+00
2.184242466336919986e+00
2.241621712586740145e+00
2.301378551277620144e+00
2.363077854646550069e+00
2.426267605623380064e+00
2.490482195124759990e+00
2.555245838880780163e+00
2.620076088825630034e+00
2.684487413242949927e+00
2.747994819200739958e+00
2.810117490353349901e+00
2.870382412928699889e+00
2.928327962660989936e+00
2.983507425576609862e+00
3.035492425891110013e+00
3.083876234828979879e+00
3.128276934928770014e+00
3.168340415343740002e+00
3.203743174784070114e+00
3.234194910062010209e+00
3.259440869691379916e+00
3.279263953643019924e+00
3.293486542159060004e+00
3.301972038468029780e+00
3.304626112305910191e+00
3.301397633320540148e+00
3.292279285702270020e+00
3.277307857726759810e+00
3.256564202298399824e+00
3.230172867027579997e+00
3.198301394844150103e+00
3.161159298623709812e+00
3.118996715765350203e+00
3.072102751090389994e+00
3.020803518811630006e+00
2.965459896636290171e+00
2.906465007292830194e+00
2.844241444897490201e+00
2.779238265580469935e+00
2.711927763664359947e+00
2.642802056407650202e+00
2.572369501884019805e+00
2.501150975951059952e+00
2.429676035457000172e+00
2.358478995831879921e+00
2.288094952001729965e+00
2.219055772144869820e+00
2.151886094171159947e+00
2.087099354943160012e+00
2.025193882175989835e+00
1.966649078641260040e+00
1.911921727768179924e+00
1.861442448980960007e+00
1.815612330141229913e+00
1.774799763283289922e+00
1.739337508446350045e+00
1.709520008831939997e+00
1.685600978755330104e+00
1.667791283929380031e+00
1.656257131534359939e+00
1.651118585297959962e+00
1.652448418455549906e+00
1.660271314997900038e+00
1.674563427058239906e+00
1.695252293664009979e+00
1.722217123397800087e+00
1.755289440798869949e+00
1.794254093608500078e+00
1.838850615243849962e+00
1.888774934191260080e+00
1.943681419366080076e+00
2.003185247909359923e+00
2.066865079402560035e+00
2.134266018098899931e+00
2.204902842512929784e+00
2.278263479595910024e+00
2.353812698768719791e+00
2.430995999304209843e+00
2.509243662959129928e+00
2.587974942367940123e+00
2.666602354535760000e+00
2.744536047811020119e+00
2.821188210006780217e+00
2.895977484848809791e+00
2.968333363697989835e+00
3.037700519498339968e+00
3.103543050157540062e+00
3.165348599075890057e+00
3.222632321277750123e+00
3.274940664597400186e+00
3.321854936587489870e+00
3.362994629268659885e+00
3.398020475506200011e+00
3.426637212668139920e+00
3.448596031283960084e+00
3.463696688664629875e+00
3.471789269847449955e+00
3.472775580779210003e+00
3.466610161325519801e+00
3.453300908477720199e+00
3.432909302998070178e+00
3.405550235680840032e+00
3.371391432385610010e+00
3.330652480003939875e+00
3.283603458520650165e+00
3.230563187312189832e+00
3.171897096760679879e+00
3.108014739125009918e+00
3.039366955396010095e+00
2.966442717523400052e+00
2.889765667943419825e+00
2.809890380722240177e+00
2.727398370843570063e+00
2.642893880202489942e+00
2.556999470691859955e+00
2.470351456376020050e+00
2.383595208126890075e+00
2.297380365226379784e+00
2.212355989328699923e+00
2.129165696791119888e+00
2.048442805738969863e+00
1.970805534319169938e+00
1.896852286399659970e+00
1.827157060520089971e+00
1.762265017159839964e+00
1.702688238395180020e+00
1.648901712757790072e+00
1.601339576590129932e+00
1.560391641446299937e+00
1.526400235093660074e+00
1.499657381472669915e+00
1.480402342566530027e+00
1.468819542541460077e+00
1.465036891764480043e+00
1.469124525401459991e+00
1.481093968270470018e+00
1.500897734492889990e+00
1.528429367272299944e+00
1.563523920860429905e+00
1.605958883466650056e+00
1.655455536557179919e+00
1.711680742691989998e+00
1.774249150798109964e+00
1.842725804585040095e+00
1.916629136714409931e+00
1.995434328349009911e+00
2.078577010857659779e+00
2.165457283769769870e+00
2.255444020554400186e+00
2.347879431499320102e+00
2.442083850867999839e+00
2.537360713655790079e+00
2.633001685664170033e+00
2.728291909263270032e+00
2.822515326147499781e+00
2.914960037604350074e+00
3.004923662321139943e+00
3.091718651564539844e+00
3.174677521664380109e+00
3.253157964145149794e+00
3.326547794550779980e+00
3.394269702004709899e+00
3.455785762845660081e+00
3.510601683242339899e+00
3.558270737540790041e+00
3.598397371196019989e+00
3.630640439487220039e+00
3.654716055794370089e+00
3.670400025994649873e+00
3.677529848518370059e+00
3.676006262746749798e+00
3.665794331727150190e+00
3.646924048596769996e+00
3.619490459618030176e+00
3.583653300314180168e+00
3.539636144823529840e+00
3.487725072241130153e+00
3.428266857354060004e+00
3.361666696784659791e+00
3.288385485093789917e+00
3.208936658847210133e+00
3.123882629987099868e+00
3.033830833035419783e+00
2.939429413689819803e+00
2.841362589201020139e+00
2.740345713547279960e+00
2.637120082812550059e+00
2.532447518303130085e+00
2.427104766818100057e+00
2.321877759056639956e+00
2.217555768436770158e+00
2.114925513571590088e+00
2.014765248298949984e+00
1.917838883494060065e+00
1.824890184890350042e+00
1.736637090800950078e+00
1.653766192972980109e+00
1.576927422809619950e+00
1.506728983889570106e+00
1.443732570080489941e+00
1.388448906615189937e+00
1.341333649282449914e+00
1.302783674381380097e+00
1.273133789342189903e+00
1.252653890917450052e+00
1.241546594641659951e+00
1.239945355850109898e+00
1.247913098972279977e+00
1.265441368096410057e+00
1.292450007963590108e+00
1.328787380624059988e+00
1.374231119000850043e+00
1.428489414589920070e+00
1.491202832506610010e+00
1.561946643099970000e+00
1.640233655428019910e+00
1.725517534044239909e+00
1.817196576828840060e+00
1.914617928017019910e+00
2.017082197182140213e+00
2.123848451731240150e+00
2.234139547491570177e+00
2.347147759253689792e+00
2.462040670672830167e+00
2.577967280778339809e+00
2.694064282483429995e+00
2.809462466957609816e+00
2.923293206543580158e+00
3.034694968042820129e+00
3.142819807723610026e+00
3.246839799272299931e+00
3.345953346151110175e+00
3.439391330436659899e+00
3.526423051176709844e+00
3.606361906631510017e+00
3.678570776441369983e+00
3.742467061772869918e+00
3.797527343839610214e+00
3.843291623835450199e+00
3.879367110262760043e+00
3.905431522845550063e+00
3.921235885674160038e+00
3.926606785913600017e+00
3.921448078282320004e+00
3.905742019558810174e+00
3.879549821559030054e+00
3.843011615326009878e+00
3.796345823644310169e+00
3.739847943414699838e+00
3.673888743851799976e+00
3.598911890879819886e+00
3.515431012458369864e+00
3.424026223836249994e+00
3.325340135883990023e+00
3.220073373652299953e+00
3.108979636119260093e+00
2.992860331697079879e+00
2.872558827427369899e+00
2.748954352901200160e+00
2.622955602739999836e+00
2.495494083969389987e+00
2.367517256784959834e+00
2.239981519004280219e+00
2.113845085954320080e+00
1.990060818593150094e+00
1.869569053341820108e+00
1.753290487377449969e+00
1.642119173000440080e+00
1.536915674174829993e+00
1.438500437393680054e+00
1.347647427704449896e+00
1.265078079012379897e+00
1.191455605683970020e+00
1.127379720021350007e+00
1.072653316153379999e+00
1.021891559044999953e+00
9.757653352459809692e-01
9.356179865495799497e-01
9.028097712949899600e-01
8.787196274080829594e-01
8.647481959069649449e-01
8.623221850676889844e-01
8.729001583170229450e-01
8.979798328862189649e-01
9.391069814382949632e-01
9.978860354095949736e-01
1.075992496817320010e+00
1.171312804819550024e+00
1.275100936988649902e+00
1.386287613707249955e+00
1.504292956311970020e+00
1.628464379182549937e+00
1.758082691316880108e+00
1.892368591363609909e+00
2.030489521516630091e+00
2.171566841764950073e+00
2.314683282433830147e+00
2.458890629786050219e+00
2.603217596662089850e+00
2.746677827782729953e+00
2.888277987396589808e+00
3.027025875448150050e+00
3.161938517404919935e+00
3.292050172267570129e+00
3.416420203156989910e+00
3.534140755177590076e+00
3.644344186021000187e+00
3.746210195995289816e+00
3.838972605796460158e+00
3.921925732426290168e+00
3.994430316129990111e+00
4.055918954098469698e+00
4.105900999920390149e+00
4.143966891345590042e+00
4.169791872823229717e+00
4.183139083463509600e+00
4.183861985515510362e+00
4.171906113122400228e+00
4.147310125970919970e+00
4.110206157461949950e+00
4.060819452151860354e+00
3.999467292416610142e+00
3.926557219524109854e+00
3.842584559538179789e+00
3.748129269664210117e+00
3.643852125757140126e+00
3.530490276700740004e+00
3.408852196184069872e+00
3.279812067042500168e+00
3.144303637709859878e+00
3.003313594461720193e+00
2.857874496952379939e+00
2.709057328033550149e+00
2.557963711980289823e+00
2.405717857990469888e+00
2.253458288159849943e+00
2.102329411046790053e+00
1.953473003392210083e+00
1.808019663575779923e+00
1.667080300911010005e+00
1.531737724942759948e+00
1.403038398495960015e+00
1.281984417309020019e+00
1.169525777726200033e+00
1.065763643135539951e+00
9.611983718116650088e-01
8.537357820353209670e-01
7.444316538231260383e-01
6.343132378468410160e-01
5.243724702795430348e-01
4.155598321197250256e-01
3.087788796785900236e-01
2.048814666957489983e-01
1.046636725087430053e-01
8.862444871642869565e-03
-8.184703954447120067e-02
-1.668532991900379958e-01
-2.456097633536480085e-01
-3.176352912214630009e-01
-3.825140100739730098e-01
-4.398944920976329831e-01
-4.894882925102930216e-01
-5.310678744488109837e-01
-5.644639483040360117e-01
-5.895622549252269584e-01
-6.062998233206540188e-01
-6.146607341580689887e-01
-6.146714205085509475e-01
-6.063955368719170513e-01
-5.899284265777250402e-01
-5.653912161636920342e-01
-5.329245632999990434e-01
-4.926820822490999841e-01
-4.448234677313990248e-01
-3.895073344045870134e-01
-3.268837849591760270e-01
-2.570867150851859906e-01
-1.802258582629429895e-01
-9.637856748210739399e-02
-5.581324569133560079e-03
9.217903919521419631e-02
1.969744350787580034e-01
3.089449536609200075e-01
4.283086873566939734e-01
5.553719892725930141e-01
6.905402292557409893e-01
8.343291190776209731e-01
9.873766906391090448e-01
1.149261092432179998e+00
1.304442106786060096e+00
1.447910027102840003e+00
1.580398765914690085e+00
1.702566516875859914e+00
1.815004425048440062e+00
1.918244594257719982e+00
2.012767472792219792e+00
2.099008654530880147e+00
2.177365128881489920e+00
2.248201009647829984e+00
2.311852770103529853e+00
2.368634009079150005e+00
2.418839770745079942e+00
2.462750438976189837e+00
2.500635225662879879e+00
2.532755271088440008e+00
2.559366373476589906e+00
2.580721364014880059e+00
2.597072143054020010e+00
2.608671392740680162e+00
2.615773981054649866e+00
2.618638072056350019e+00
2.617525957098819855e+00
2.612704621796050120e+00
2.604446063651370213e+00
2.593027375418790026e+00
2.578730609481239888e+00
2.561842438768319852e+00
2.542653629987309927e+00
2.521458345193460016e+00
2.498553287967080205e+00
2.474236710680609796e+00
2.448807299526770009e+00
2.422562954118760103e+00
2.395799478567170127e+00
2.368809200972339823e+00
2.341879538239139968e+00
2.315291523022839915e+00
2.289318309437270216e+00
2.264223673905739975e+00
2.240260527200339968e+00
2.217669453298079851e+00
2.196677290185189868e+00
2.177495767156139905e+00
2.160320212490729919e+00
2.145328344648739893e+00
2.132679159298100036e+00
2.122511923599410100e+00
2.114945288203020191e+00
2.110076526387070217e+00
2.107980908676709841e+00
2.108711220144470211e+00
2.112297426407140133e+00
2.118746493110009954e+00
2.128042362436549872e+00
2.140146088905059862e+00
2.154996135425220061e+00
2.172508829292029819e+00
2.192578976506129873e+00
2.215080631530289779e+00
2.239868018337419997e+00
2.266776597381380043e+00
2.295624271935190031e+00
2.326212726106239970e+00
2.358328885757329907e+00
2.391746492544819969e+00
2.426227780344739848e+00
2.461525242469420061e+00
2.497383477301229782e+00
2.533541099281119813e+00
2.569732701599110047e+00
2.605690856448620085e+00
2.641148138318829997e+00
2.675839155530869817e+00
2.709502575058190033e+00
2.741883125622909922e+00
2.772733564126399930e+00
2.801816590648050109e+00
2.828906697541349935e+00
2.853791938556310193e+00
2.876275604430300170e+00
2.896177792007419871e+00
2.913336854662790021e+00
2.927610722624970130e+00
2.938878082694099891e+00
2.947039407842769965e+00
2.952017828254939857e+00
2.953759836493320190e+00
2.952235820684959933e+00
2.947440420864710031e+00
2.939392704911119925e+00
2.928136161837500140e+00
2.913738511554019972e+00
2.896291331583209949e+00
2.875909502582469912e+00
2.852730475892430118e+00
2.826913367677029942e+00
2.798637885544509984e+00
2.768103094820789867e+00
2.735526032887030112e+00
2.701140181173780075e+00
2.665193805519849857e+00
2.627948176648310152e+00
2.589675683469890188e+00
2.550657852794409930e+00
2.511183289806020014e+00
2.471545554323350213e+00
2.432040988431070083e+00
2.392966511512410133e+00
2.354617399043770209e+00
2.317285061721349848e+00
2.281254841572080139e+00
2.246803841667590174e+00
2.214198805891169908e+00
2.183694064923650036e+00
2.155529564202979920e+00
2.129928989080600132e+00
2.107098001752759853e+00
2.087222603782089791e+00
2.070467637159699947e+00
2.056975435887189896e+00
2.046864638993969976e+00
2.040229174754269792e+00
2.037137424636140004e+00
2.037631574214060048e+00
2.041727156913550001e+00
2.049412795042389934e+00
2.060650141107919886e+00
2.075374020935000008e+00
2.093492778594660209e+00
2.114888821640120042e+00
2.139419363639389893e+00
2.166917359495749817e+00
2.197192627581280089e+00
2.230033151274520176e+00
2.265206551109010036e+00
2.302461717415199782e+00
2.341530592078299833e+00
2.382130086859620022e+00
2.423964124634669925e+00
2.466725788908600059e+00
2.510099566080580047e+00
2.553763664147380208e+00
2.597392390879199819e+00
2.640658573963039935e+00
2.683236005198399887e+00
2.724801890558509854e+00
2.765039287783639832e+00
2.803639513172540010e+00
2.840304499368199842e+00
2.874749086203749915e+00
2.906703227082859886e+00
2.935914093903360111e+00
2.962148064206949982e+00
2.985192575030069850e+00
3.004857828847519841e+00
3.020978338031949928e+00
3.033414295387629966e+00
3.042052759556369779e+00
3.046808645418499939e+00
3.047625511022140188e+00
3.044476134052839900e+00
3.037362872395730218e+00
3.026317804931379918e+00
3.011402650332669850e+00
2.992708463282550024e+00
2.970355109196590071e+00
2.944490520201319850e+00
2.915289736772380014e+00
2.882953741066959896e+00
2.847708089579620072e+00
2.809801354292440045e+00
2.769503382979369821e+00
2.727103390732660060e+00
2.682907896111569990e+00
2.637238516549860190e+00
2.590429638789319977e+00
2.542825981131890067e+00
2.494780065198619834e+00
2.446649615661120158e+00
2.398794907048200198e+00
2.351576077227520045e+00
2.305350427520930001e+00
2.260469729615369960e+00
2.217277559489709837e+00
2.176106678485779877e+00
2.137276481401909844e+00
2.101090531096229785e+00
2.067834198539220125e+00
2.037772426568199791e+00
2.011147634767520120e+00
1.988177781930829946e+00
1.969054601473360089e+00
1.953942023944279960e+00
1.942974799464840086e+00
1.936257331488210109e+00
1.933862731753029918e+00
1.935832104699209966e+00
1.942174067937809889e+00
1.952864513633919996e+00
1.967846613881200080e+00
1.987031071335050081e+00
2.010296614539610172e+00
2.037490735547040188e+00
2.068430665599419793e+00
2.102904582834579816e+00
2.140673044209009834e+00
2.181470632105590113e+00
2.225007804436140102e+00
2.270972935462860054e+00
2.319034533063189851e+00
2.368843616768620208e+00
2.420036239611880191e+00
2.472236135655379918e+00
2.525057474030190097e+00
2.578107699414609932e+00
2.630990438128490094e+00
2.683308448411700020e+00
2.734666593014570157e+00
2.784674811938840033e+00
2.832951073050120172e+00
2.879124278330619902e+00
2.922837103750659971e+00
2.963748751120640179e+00
3.001537590827609847e+00
3.035903675063280183e+00
3.066571102016129924e+00
3.093290212507919801e+00
3.115839601715390206e+00
3.134027929908239862e+00
3.147695517555479938e+00
3.156715711691110204e+00
3.160996012071890071e+00
3.160478947401000216e+00
3.155142693711209922e+00
3.145001428891830209e+00
3.130105419288669921e+00
3.110540836293079980e+00
3.086429302847780054e+00
3.057927171821679835e+00
3.025224540226199910e+00
2.988544005245230117e+00
2.948139170020080080e+00
2.904292909047029969e+00
2.857315404899610112e+00
2.807541969766869983e+00
2.755330666979470156e+00
2.701059749280720013e+00
2.645124932058580125e+00
2.587936521091689812e+00
2.529916415558330023e+00
2.471495008098580026e+00
2.413108004615669877e+00
2.355193187218239892e+00
2.298187144261139903e+00
2.242521991817009841e+00
2.188622111102370038e+00
2.136900926398969780e+00
2.087757747832810207e+00
2.041574703023400161e+00
1.998713781075510010e+00
1.959514011668419986e+00
1.924288801110660030e+00
1.893323446165039892e+00
1.866872845230070022e+00
1.845159425090129979e+00
1.828371299926220050e+00
1.816660677630580034e+00
1.810142526693510057e+00
1.808893515049970091e+00
1.812951230296049987e+00
1.822313688626590045e+00
1.836939137721280035e+00
1.856746156631079891e+00
1.881614053507620010e+00
1.911383559789590070e+00
1.945857817232500064e+00
1.984803651951470016e+00
2.027953127467729821e+00
2.075005366612320046e+00
2.125628630072459835e+00
2.179462637378660084e+00
2.236121114233839968e+00
2.295194548306870086e+00
2.356253133953510215e+00
2.418849884804420203e+00
2.482523891794549797e+00
2.546803702991859986e+00
2.611210800548939837e+00
2.675263149238169991e+00
2.738478790356650094e+00
2.800379454312530214e+00
2.860494164912129822e+00
2.918362808294249877e+00
2.973539639572039928e+00
3.025596700566620001e+00
3.074127122543270030e+00
3.118748288577750216e+00
3.159104831102899968e+00
3.194871441284110158e+00
3.225755468160650175e+00
3.251499286947700185e+00
3.271882417510859842e+00
3.286723375798739966e+00
3.295881242926490096e+00
3.299256938637450176e+00
3.296794188015600202e+00
3.288480172559849812e+00
3.274345859049919927e+00
3.254466002012580184e+00
3.228958818022059862e+00
3.197985332516330104e+00
3.161748402272159808e+00
3.120491419126329991e+00
3.074496702951249993e+00
3.024083594265449815e+00
2.969606259163430018e+00
2.911451221478210005e+00
2.850034639207910114e+00
2.785799344251529863e+00
2.719211666372209901e+00
2.650758064033909900e+00
2.580941586330800064e+00
2.510278191619800037e+00
2.439292949678959932e+00
2.368516155235090181e+00
2.298479381509729969e+00
2.229711503043759979e+00
2.162734717441559873e+00
2.098060595845809839e+00
2.036186191899440168e+00
1.977590238666500078e+00
1.922729462491229890e+00
1.872035042044770003e+00
1.825909239877540058e+00
1.784722232647770079e+00
1.748809164845259945e+00
1.718467449291819937e+00
1.693954335970049963e+00
1.675484768840709959e+00
1.663229548253680079e+00
1.657313814361299986e+00
1.657815864620979962e+00
1.664766316038690075e+00
1.678147620279430097e+00
1.697893937168599932e+00
1.723891369452809963e+00
1.755978558995159977e+00
1.793947641873550047e+00
1.837545557146250008e+00
1.886475701369330071e+00
1.940399918320300010e+00
1.998940810807990021e+00
2.061684358970139908e+00
2.128182827076010142e+00
2.197957938592720151e+00
2.270504297158399964e+00
2.345293029136509944e+00
2.421775621642269893e+00
2.499387928320050190e+00
2.577554313748310122e+00
2.655691906155650095e+00
2.733214927151620177e+00
2.809539066436740118e+00
2.884085868945879927e+00
2.956287101607189882e+00
3.025589066884359912e+00
3.091456830483799934e+00
3.153378331084189856e+00
3.210868340653759923e+00
3.263472244871810091e+00
3.310769614360880020e+00
3.352377538839120152e+00
3.387953697937319930e+00
3.417199144253539878e+00
3.439860776244939800e+00
3.455733480762900101e+00
3.464661927402350017e+00
3.466541999353189851e+00
3.461321848081670094e+00
3.449002561922430043e+00
3.429638441501929869e+00
3.403336877822869866e+00
3.370257831794929881e+00
3.330612916976800175e+00
3.284664090280189797e+00
3.232721958346540081e+00
3.175143710232999794e+00
3.112330689898239910e+00
3.044725624752639970e+00
2.972809529203519929e+00
2.897098304657660162e+00
2.818139059842359906e+00
2.736506177521030203e+00
2.652797155725429956e+00
2.567628253467019839e+00
2.481629972511099957e+00
2.395442408203320106e+00
2.309710503486369859e+00
2.225079241162299937e+00
2.142188810101949947e+00
2.061669781487649900e+00
1.984138331299490021e+00
1.910191545096969978e+00
1.840402840725940070e+00
1.775317543891820060e+00
1.715448650573639933e+00
1.661272809043359944e+00
1.613226552778199929e+00
1.571702813844539914e+00
1.537047744388130077e+00
1.509557871700869969e+00
1.489477609976399997e+00
1.476997149311549906e+00
1.472250739797309915e+00
1.475315385675959989e+00
1.486209961547839908e+00
1.504894759512539926e+00
1.531271472947310031e+00
1.565183619383289981e+00
1.606417401661790034e+00
1.654703003265550088e+00
1.709716310441129927e+00
1.771081050492619990e+00
1.838371332450970064e+00
1.911114573229879987e+00
1.988794789405990082e+00
2.070856231907360012e+00
2.156707338208780023e+00
2.245724974112920158e+00
2.337258934875349858e+00
2.430636673332950082e+00
2.525168220808950093e+00
2.620151264951359860e+00
2.714876347286289793e+00
2.808632142171440194e+00
2.900710778024969905e+00
2.990413161169739986e+00
3.077054262411440089e+00
3.159968326525009807e+00
3.238513965193240196e+00
3.312079094605170138e+00
3.380085679872309790e+00
3.441994249672020167e+00
3.497308146050989830e+00
3.545577476116020144e+00
3.586402734401660020e+00
3.619438066998769798e+00
3.644394151062900100e+00
3.661040666059959925e+00
3.669208336040460150e+00
3.668790525338899933e+00
3.659744373345589885e+00
3.642091457377520047e+00
3.615917976151870050e+00
3.581374449919500158e+00
3.538674936915540137e+00
3.488095769410409996e+00
3.429973816258450103e+00
3.364704282431130178e+00
3.292738059546690188e+00
3.214578644846130207e+00
3.130778649397949920e+00
3.041935919499939800e+00
2.948689298273739823e+00
2.851714057295049898e+00
2.751717030725210122e+00
2.649431486824239901e+00
2.545611773871499839e+00
2.441027779414529864e+00
2.336459243375310191e+00
2.232689966846700180e+00
2.130501959432149928e+00
2.030669568657310187e+00
1.933953635359100032e+00
1.841095718996510033e+00
1.752812436534139984e+00
1.669789957940730041e+00
1.592678700391070068e+00
1.522088262005919956e+00
1.458582634382509902e+00
1.402675731288179906e+00
1.354827268725280032e+00
1.315439029125490045e+00
1.284851539730569980e+00
1.263341192274729963e+00
1.251117827917880065e+00
1.248322808024050046e+00
1.255027587845769954e+00
1.271232806499019929e+00
1.296867902814359930e+00
1.331791262761220063e+00
1.375790900186959931e+00
1.428585668626690008e+00
1.489826997946219977e+00
1.559101145613019934e+00
1.635931948481279985e+00
1.719784057145050005e+00
1.810066631207849941e+00
1.906137470239440024e+00
2.007307551793410028e+00
2.112845944657350206e+00
2.221985062518140097e+00
2.333926220493490078e+00
2.447845454508200014e+00
2.562899561303229934e+00
2.678232314997699870e+00
2.792980814551610180e+00
2.906281915262209914e+00
3.017278696539980043e+00
3.125126917681249950e+00
3.229001413195299985e+00
3.328102379422280155e+00
3.421661504749249794e+00
3.508947896639389885e+00
3.589273759962679833e+00
3.661999782741789833e+00
3.726540187375960045e+00
3.782367407698040029e+00
3.829016354803080002e+00
3.866088237475020062e+00
3.893253906193740121e+00
3.910256693105400139e+00
3.916914723972840129e+00
3.913122681949050108e+00
3.898853007018090011e+00
3.874156519090900197e+00
3.839162456998880035e+00
3.794077929963549867e+00
3.739186782505859785e+00
3.674847878161830117e+00
3.601492811751060064e+00
3.519623064286999892e+00
3.429806618863250112e+00
3.332674059992620119e+00
3.228914182868059868e+00
3.119269142823959839e+00
3.004529178893910135e+00
2.885526948722779927e+00
2.763131515214550138e+00
2.638242028118420013e+00
2.511781146270669840e+00
2.384688248406820144e+00
2.257912482291600131e+00
2.132405703394749885e+00
2.009115355449819784e+00
1.888977345935680008e+00
1.772908969856969996e+00
1.661801935112219963e+00
1.556515542268789964e+00
1.457870070690530095e+00
1.366640421686609930e+00
1.283550067709509968e+00
1.209265354584760033e+00
1.144390201370000026e+00
1.089213030816069905e+00
1.039738455254209937e+00
9.948267169735990345e-01
9.558288261819819498e-01
9.241144667370979615e-01
9.010737716871080050e-01
8.881203624917749506e-01
8.866957338426010304e-01
8.982750689698679736e-01
9.243745743931589542e-01
9.665604283582549527e-01
1.026459443846490016e+00
1.105631699692730008e+00
1.198621472528420107e+00
1.299695562120430026e+00
1.408338812156670006e+00
1.523959356680149924e+00
1.645894134806910047e+00
1.773414839703179924e+00
1.905734270708439926e+00
2.042013053338520123e+00
2.181366688082940097e+00
2.322872885419999811e+00
2.465579141380040085e+00
2.608510505253749834e+00
2.750677488736799958e+00
2.891084063913119895e+00
3.028735696009329903e+00
3.162647355845280117e+00
3.291851456332290038e+00
3.415405657244479976e+00
3.532400482835030164e+00
3.641966697633720162e+00
3.743282386996900080e+00
3.835579690628160066e+00
3.918151139363819979e+00
3.990355548005179998e+00
4.051623419834079698e+00
4.101461821693869858e+00
4.139458692084719615e+00
4.165286548614799855e+00
4.178705565327920368e+00
4.179565994857649791e+00
4.167809915017370415e+00
4.143472284276450424e+00
4.106681295571689816e+00
4.057658023011000203e+00
3.996715361215700035e+00
3.924256262269159912e+00
3.840771280460320014e+00
3.746835440193310163e+00
3.643104447523819900e+00
3.530310270766969793e+00
3.409256120430120163e+00
3.280810863347690010e+00
3.145902910284500198e+00
3.005513620382250117e+00
2.860670269661070186e+00
2.712438634259500159e+00
2.561915242237890133e+00
2.410219350516139780e+00
2.258484705847640051e+00
2.107851150658309969e+00
1.959456136030959916e+00
1.814426205142990023e+00
1.673868511001030068e+00
1.538862432383790058e+00
1.410451351506589956e+00
1.289634656026849902e+00
1.177360026655650094e+00
1.073915064355239979e+00
9.706216321583169826e-01
8.644870522922329936e-01
7.565743603331119838e-01
6.479194639268509581e-01
5.395244672070229619e-01
4.323516487565879918e-01
3.273181212908199966e-01
2.252911951661699941e-01
1.270844619542829956e-01
3.345460867779569830e-02
-5.490103206113049888e-02
-1.373461958551369932e-01
-2.133066686455860061e-01
-2.822705459903649960e-01
-3.437877820162110187e-01
-3.974690439906259920e-01
-4.429838913127620015e-01
-4.800583000779289899e-01
-5.084715561779999948e-01
-5.280525411496309607e-01
-5.386754356619569695e-01
-5.402548656179420039e-01
-5.327405153310840191e-01
-5.161112311094749883e-01
-4.903686368296810150e-01
-4.555302806982490238e-01
-4.116223293757920176e-01
-3.586718219593479917e-01
-2.966984919799099951e-01
-2.257061605569279927e-01
-1.456736981408499887e-01
-5.654554586388010201e-02
4.177821963716139841e-02
1.494523019613029913e-01
2.666971139829319992e-01
3.938102624553849740e-01
5.311786408362879630e-01
6.792911943286079612e-01
8.387524334507640011e-01
1.010296785826440003e+00
1.192446711985690078e+00
1.364398104830530034e+00
1.524650663888039936e+00
1.673780245808929923e+00
1.812290016642730039e+00
1.940620058260420056e+00
2.059156308077489950e+00
2.168238864541379929e+00
2.268169686849410116e+00
2.359219713916609784e+00
2.441635424667230048e+00
2.515644859226089824e+00
2.581463118535079815e+00
2.639297358244800051e+00
2.689351291432330093e+00
2.731829213725049943e+00
2.766939563736980023e+00
2.794898031332210042e+00
2.815930226078080079e+00
2.830273918317410153e+00
2.838180865553120213e+00
2.839918237261779943e+00
2.835769651824219917e+00
2.826035839946139827e+00
2.811034949723380194e+00
2.791102509358720063e+00
2.766591064440850012e+00
2.737869507627349819e+00
2.705322119516219814e+00
2.669347340422710158e+00
2.630356293681809898e+00
2.588771081959849951e+00
2.545022878854950044e+00
2.499549838795569912e+00
2.452794848881529877e+00
2.405203146847699980e+00
2.357219829758880003e+00
2.309287278346010108e+00
2.261842522069709815e+00
2.215314570039149888e+00
2.170121732807190007e+00
2.126668959820159799e+00
2.085345216900980070e+00
2.046520927601500173e+00
2.010545501566220139e+00
1.977744972204859897e+00
1.948419764990209968e+00
1.922842616566299956e+00
1.901256663594250051e+00
1.883873718873090075e+00
1.870872750763219905e+00
1.862398580321759978e+00
1.858560808836289935e+00
1.859432986634599994e+00
1.865052032157729966e+00
1.875417908330170080e+00
1.890493561253949961e+00
1.910205124208750105e+00
1.934442387871520008e+00
1.963059535588729920e+00
1.995876140463620052e+00
2.032678418964589895e+00
2.073220733745340105e+00
2.117227336397229820e+00
2.164394338949750196e+00
2.214391901112859884e+00
2.266866618515519960e+00
2.321444095572720023e+00
2.377731685098880110e+00
2.435321375404489785e+00
2.493792804374700189e+00
2.552716378931970009e+00
2.611656477358749839e+00
2.670174711183249894e+00
2.727833222740870145e+00
2.784197994108640106e+00
2.838842142871699892e+00
2.891349180134859864e+00
2.941316206326300087e+00
2.988357020658539920e+00
3.032105120622150096e+00
3.072216568566970007e+00
3.108372703292999972e+00
3.140282675603089935e+00
3.167685787967709832e+00
3.190353619807579921e+00
3.208091921395960000e+00
3.220742261022520037e+00
3.228183411818760007e+00
3.230332466518059942e+00
3.227145670394819810e+00
3.218618964681649874e+00
3.204788234887939957e+00
3.185729260620799863e+00
3.161557365725129909e+00
3.132426769794640187e+00
3.098529644348150036e+00
3.060094879192199802e+00
3.017386566690019922e+00
2.970702213812660197e+00
2.920370693934740025e+00
2.866749952354509912e+00
2.810224481433110100e+00
2.751202583059760176e+00
2.690113437838439925e+00
2.627404001937499789e+00
2.563535753953869900e+00
2.498981315378780099e+00
2.434220969329050188e+00
2.369739103101410116e+00
2.306020600810709809e+00
2.243547212892969878e+00
2.182793929562960145e+00
2.124225385437549907e+00
2.068292322444269971e+00
2.015428137841209999e+00
1.966045543683889951e+00
1.920533363375809932e+00
1.879253490050599940e+00
1.842538030454990094e+00
1.810686656733379918e+00
1.783964187081179986e+00
1.762598414627049914e+00
1.746778202149319892e+00
1.736651858333269960e+00
1.732325809248439930e+00
1.733863576587719946e+00
1.741285071970589904e+00
1.754566214294920101e+00
1.773638874737180071e+00
1.798391151570299940e+00
1.828667974506980043e+00
1.864272035806570083e+00
1.904965042918020046e+00
1.950469284993719965e+00
2.000469503217320089e+00
2.054615052554479959e+00
2.112522340287680045e+00
2.173777524543030193e+00
2.237939453975009929e+00
2.304542827872659849e+00
2.373101554181249906e+00
2.443112281334740121e+00
2.514058078359679982e+00
2.585412236461710034e+00
2.656642164258300021e+00
2.727213347960229850e+00
2.796593347173840005e+00
2.864255796565680079e+00
2.929684383428730055e+00
2.992376771213069997e+00
3.051848439322060180e+00
3.107636409951279877e+00
3.159302833430400081e+00
3.206438404439579948e+00
3.248665582592090040e+00
3.285641592195660099e+00
3.317061177528779936e+00
3.342659091671980054e+00
3.362212298812340183e+00
3.375541871982500108e+00
3.382514570378079899e+00
3.383044082716339940e+00
3.377091925528040051e+00
3.364667987801739812e+00
3.345830716003970196e+00
3.320686936162399849e+00
3.289391312401099832e+00
3.252145444038430089e+00
3.209196606079129932e+00
3.160836140628830115e+00
3.107397509418889925e+00
3.049254020219779981e+00
2.986816242437820179e+00
2.920529129599850116e+00
2.850868868720219940e+00
2.778339478702839926e+00
