7.546312752605413565e-02
-1.619922880021482214e+00
-1.354385076625821693e-01
1.596752691982268768e+00
1.290797958093408360e+00
1.810738051643167312e-01
1.825578902784316393e-01
-3.956448024200821534e-01
1.850066618572099975e+00
-6.030578899134993176e-02
-2.258186826010555759e+00
7.310972231726210468e-01
-3.522066522726616355e+00
-9.362587439040965798e-01
-5.952790783698213017e-01
-4.714856323892242518e-01
-7.134842711627865652e-01
-4.463578972844748360e-01
8.929222638679852331e-01
-4.577937231198668799e-01
2.057099258217498061e+00
2.608810438264961284e-01
3.549072326547837997e-01
1.338974883413759143e+00
-5.539574503184196974e-01
-4.029237610588451424e-01
-2.022128135403965521e-01
1.114630307027203671e+00
4.662828672362199778e-01
9.409729945895530800e-01
-4.711574984076617456e-01
-1.770656111293075763e-01
1.069143628219602384e-02
-5.216041988272026586e-01
-1.217311794149349868e+00
-9.584350244555944753e-02
-1.909084170408024361e+00
2.601464431067572747e-01
1.117372393716512091e+00
-1.173241297582055642e+00
-1.583843173052751130e+00
4.349686853077367465e-01
-1.759460389168063577e+00
-4.835309739269880724e-01
-8.985305596794582739e-01
-4.635347264432832515e-01
4.335181422734456502e-01
2.390972044067260605e+00
-1.479584821823386687e+00
2.520057642361423489e-01
8.766105482725276010e-01
-4.086033254164556094e-01
2.808196135268661298e-01
1.090938864933555408e+00
-1.713270605336656649e+00
-3.427214076335320381e-01
3.017621768173647367e-03
8.179200505446359015e-01
1.216763180071707806e+00
2.854525016931759862e-01
-1.100893056569629103e+00
1.651499479733897102e+00
-9.252445552882230251e-01
-1.890720476049317256e+00
6.886054015537101947e-01
2.323815629690026974e+00
3.108578753253546934e-01
-2.700439750729553556e-01
3.323772101653189176e-02
-1.425988668196978892e+00
8.933092352225065202e-02
2.230964632943160941e-01
3.935368886809254008e-02
-2.300730723865843930e-01
7.410931793710280602e-02
-1.759953446748976635e-01
3.196543386456209834e-01
8.221758700712081813e-01
1.491579223672898191e+00
8.818461371958710160e-01
-2.682810258422290706e-01
1.870519599040824654e-01
-1.319671833734572974e+00
-2.002310335933905061e-01
5.816187809559559829e-01
8.057393482677670249e-02
1.457954829456278967e+00
8.585321951264812679e-02
1.776096425108082633e+00
-1.089308245881576293e-01
3.177666934310287017e-01
-1.714332135189532424e-01
4.121404320956386508e-02
1.466444088327292006e+00
-2.346888600878313191e+00
4.309688310788721277e-01
-4.763081993552930604e-01
-9.196734163511424143e-01
1.046808217839980681e+00
3.696883843590121899e-01
-2.471140167582394298e+00
1.181488394052459867e+00
1.491030682138331454e+00
-7.648619872492415928e-01
9.126599029218643855e-01
7.851984993041468686e-01
-4.935629171365442103e-01
-2.423559454670287661e+00
4.796557445048065249e-01
-5.250977198877678775e-01
-1.597800448138183782e+00
-1.397804699741075352e-01
-1.338716117796642235e+00
-3.878272719478945141e-01
1.047823200579102304e-01
1.008676846312670516e+00
-3.927007481185109672e-01
-4.136106888642815949e-01
-2.284116528959220016e+00
3.024619177007252357e+00
1.627781379195067102e-01
-8.843422831845775267e-01
-4.612696927713054174e-01
3.961508661983374480e-01
8.350731811167146912e-01
-7.488096753707620401e-01
8.236539705387443955e-02
-2.129548398770842343e+00
-7.417026061284652805e-01
2.705588907069079174e-01
-3.242294060978236359e-01
1.397278622164755513e+00
-2.197893062178546408e+00
-2.267608775333006532e-01
-4.564303182350990529e-01
9.508018013427557147e-01
9.166392351874876054e-02
-1.447623935468073775e+00
1.654485720033982143e-01
9.131070859462611100e-01
-9.992952197764609634e-01
-3.201418376721248960e-01
1.533805545651689473e+00
-4.501356553670082250e-01
-4.147784817151722869e-01
2.907743323264553315e-01
-9.952731529199336513e-02
1.785121491923999271e+00
-8.532279635150380459e-01
-5.884761764612758128e-01
-1.511208629286623362e+00
1.812162392221787321e+00
6.424000970332843785e-01
-2.115749284943783393e-01
9.394399869031273553e-01
-5.169797876867827657e-01
-5.223952834460623418e-01
-9.623736737103269490e-02
-6.274473231492426750e-01
-1.251681763153276172e-01
-1.641178941121159252e+00
1.530069001316936850e-01
-6.265339064697502680e-01
3.262566569670485861e-01
4.655735473320850026e-01
5.644567575764140033e-01
-8.036662810139820756e-01
-8.400611331477425558e-01
6.277219418410355523e-02
-2.209730563882640608e-01
-6.763422071220123177e-01
-6.444474798181183406e-01
-5.463389256284558737e-01
2.617959810440940172e-01
1.932311067753925693e+00
1.027971132040608748e-01
8.936763556207054648e-01
8.649144691484016434e-01
3.844231132288812303e-01
-9.369813368587887048e-01
1.967542749627139709e-01
3.066326082918517382e-01
1.171958519121451436e+00
8.239252137145197663e-01
-8.880583329164849493e-01
5.271892532407630449e-01
7.982420765776783167e-01
5.505329397127399771e-01
2.577874804883137916e-01
-1.823514046929149979e-01
1.180294356690015256e+00
9.102289074636126243e-01
-2.957823119285396540e+00
-5.472198184260025806e-03
1.440510668043433418e+00
-1.089339690320369342e-01
1.014158572990500939e+00
4.174247234595296341e-01
2.144842778149025353e+00
-9.370443574081325222e-01
-7.582495134408557824e-01
-3.312451120712854302e-01
-1.238930684649550973e-01
-1.980782654460808978e-01
-1.298870815227836539e+00
8.772367567171889258e-01
-5.723943519880030362e-01
5.568515065704293665e-01
1.107798358260321692e+00
2.970382127581099874e-01
7.356825270967058683e-02
-2.810270798668748515e+00
-6.990315494912452410e-01
-9.793604333854112609e-02
-2.066194544444778791e-01
2.309553617803404180e+00
-4.112584577079693715e-01
2.177555475800738438e-01
5.927670014465342974e-02
-2.036458033648002597e-01
1.906203706733942127e-01
-8.128732931553190877e-01
-1.573641241720993011e-01
9.225018157180895351e-01
1.848962038750330550e-01
8.649109552367345577e-01
-9.864322192996406724e-02
5.901658522327803968e-01
-7.708100137952407227e-01
-4.049971781361127454e-01
6.239222743482835121e-01
-1.066448084026540011e+00
1.827957259950525326e-01
-4.388195942947374917e-01
-1.127871062086172493e+00
-5.484484245890238752e-01
-1.909251828844614973e+00
3.946883115577680123e-01
2.438882290839627931e-01
-2.300120329569581568e-01
2.046326579588414740e-01
-4.896730908047152164e-01
-1.329485702703997740e-01
1.508451115124162412e+00
-1.394367662758414228e-01
2.576246326396100517e-01
5.294297916725852239e-04
2.585651467904315659e+00
9.365070059227905697e-01
-9.035433969127832921e-01
-1.558507718583289903e-01
4.243768742847743858e-01
7.679243202931776424e-02
6.080040823902437275e-01
1.735011292447531162e+00
5.328822187887918282e-01
-1.700223491014992927e+00
8.662029447711586672e-01
2.114180467252511519e+00
-4.913495639222764111e-01
-1.081858726294270490e+00
-1.264666927359084703e+00
3.496024227550351138e-01
1.140976858136782512e+00
2.130795150734619448e+00
6.854887376031443269e-02
-6.617151765513010209e-02
-8.965339182388734063e-01
1.998417797923309480e-01
-8.047570782837731862e-01
-7.479538260570745001e-02
-7.771676036453856184e-01
1.278413423229937951e-01
-1.613643260496389731e+00
1.393010304486767881e+00
-1.594906961238376164e+00
-7.496463207497432446e-01
-1.244985131543534740e+00
-2.617274490410688159e-01
-1.041352089131271752e+00
1.198649002223496629e-01
-1.345533331708720359e-01
-2.057699657558967332e-01
1.408507193733857799e+00
-3.858827332810837452e-01
1.417504681066006356e+00
-5.536184572492512945e-01
-2.573606914198721674e-01
4.765807082066587652e-01
-2.070872360939213230e+00
-3.430446019167201488e-01
-9.129529050947438051e-01
-1.004757613345167000e+00
6.758353984127943859e-01
1.389875129989085689e+00
1.319047063372384532e+00
-2.270139610894425231e-01
-5.602178086920162059e-01
1.064596406795714212e-01
-1.057813289891373465e+00
-1.050791906812545085e+00
-8.097484106941856830e-01
1.116923618161763526e-01
2.306402321719699597e-02
-4.861303885144621639e-01
-1.951000083248776162e+00
-2.196614461426174558e-01
2.763340319645967921e-02
-5.701981617931310975e-01
1.300147910013792707e+00
-1.195596877436832184e+00
-1.587657195666263954e+00
3.020381443143468347e-01
-4.363833603936935757e-01
-2.035081895627270043e+00
-1.115337151789049130e+00
-9.871053787002666280e-02
3.875604474397679189e-01
2.409696055385366353e+00
-1.992650012184231934e-01
4.233280087676593029e-01
4.912180506731986251e-01
5.971693115626931087e-02
1.465050349742508251e+00
2.905498439465673682e-02
3.175870207403746481e-01
2.104588954632648223e-01
-1.180748125569107243e+00
-1.911224653735499324e+00
1.194395603557080410e+00
-1.271755777567323831e+00
-8.976145769855036205e-01
7.550647690776337573e-01
5.630317439825753834e-01
1.179403259693819983e+00
5.729100415444812189e-01
-6.412679965564437312e-01
-6.429489910183689982e-01
4.355410965548658364e-01
-2.940882713137042970e-01
2.441711175720171212e-01
2.029775751763296665e-01
1.062383885230822944e+00
-4.240182828825537209e-01
-6.379653246173708041e-03
1.373270769048680062e+00
1.112968333885283739e-01
4.401124044779572420e-01
3.364449829987704588e-01
-3.307870332346604103e-01
-7.658462106507258893e-01
-1.234216505646308581e+00
1.754999793354432125e+00
-2.501519749621376465e-01
4.198179074774805453e-01
1.797018315344515837e+00
-3.926404029383067096e-01
1.318459071261566029e+00
1.238452499450663213e-01
6.697121496277836927e-01
-3.131149707129416981e-01
-5.339501487172074734e-01
-1.394357046428038815e+00
-2.047128662767247587e+00
9.792684141323325653e-01
-1.315847185250248019e+00
-1.894750525300877397e+00
-4.579898448773082886e-02
2.495447130351873710e+00
-9.981382035191337376e-01
-1.246195334207370609e+00
-5.280531425747334584e-01
1.311566903106553106e+00
-9.176987770425556468e-01
-1.620858777366671610e+00
5.747438271938805077e-01
-6.064843672651090006e-02
1.216190088944397951e+00
2.542733031710897040e-01
1.083135499240454713e+00
-9.489230571505841150e-01
-8.543276631692470202e-01
-4.958019885779595959e-01
5.703991113503974475e-01
1.522518312665883222e+00
8.959279630540913919e-01
-1.698099754820035390e+00
-2.007444142393257192e+00
1.130318280625307592e+00
-1.865022740645703309e-02
-1.604873579320026833e+00
1.236427100219883168e-01
-1.859423536088868456e+00
-4.409393769698667920e-01
-6.300075832946641086e-01
3.383225790777071862e-01
1.594416515788422695e+00
-1.004081449161021267e+00
5.652548392679151990e-01
1.094038209919433041e-01
9.961925853770292605e-01
-1.255220002414375813e+00
1.128837092324731957e-02
-6.741754164732652876e-01
1.189909499792159764e+00
-5.400888211177308218e-01
-9.253914871451475455e-02
3.730068261605478108e-01
2.554056350573313594e+00
6.311362907144831835e-01
2.662370161235479760e+00
-2.104009880871613891e+00
-3.119717575966221915e-02
-7.334095086482398385e-01
1.070456124224871353e+00
-1.480041511339222904e-01
1.426362020582068402e+00
6.597147362686718308e-01
9.693961287187621290e-01
-2.071191975502983118e-01
-1.748369931556231494e-01
8.525265985640236854e-01
-1.633271587984060358e-01
8.743475417030871499e-01
-8.029921796415294410e-02
3.990986224797523629e-01
4.000438227281783998e-01
3.602097421719495096e-01
3.923211265454265018e-01
9.406245978767424631e-01
-7.823236509758756396e-01
-1.341722442410080651e+00
-1.228591494632048864e+00
-3.120819587794358418e-01
-5.291665627377278858e-01
-1.804144021390771402e-01
2.250623374640307039e-01
5.420203747839993369e-01
1.771976089473979776e+00
1.686963286694093678e-01
-1.277801939182759527e+00
-8.356270147459222697e-01
8.143332464962543815e-01
1.604316459123183991e-01
-9.711053090948618127e-01
1.047767179127244708e+00
9.855379102339834052e-01
2.409109553194281328e-01
2.794858155697033997e+00
-6.801452263869615100e-01
7.658618188167023444e-01
2.595012760018929887e-01
-6.131789867469888966e-01
-5.614507165046485060e-01
-7.416797465531812517e-01
1.085841683716323613e+00
2.429079006711048816e+00
5.352842592973093838e-01
1.727536289393850066e-01
7.167352116441672027e-01
1.466324238644498346e+00
1.373190654872976868e+00
1.438321725340677426e-01
2.200507851063900677e+00
-1.454453958947077963e+00
7.860353922280029215e-02
8.630367091887766184e-01
-1.349478670676559133e+00
1.474959813119513408e+00
-2.575945481100815893e-01
-9.044000659254597396e-01
1.685327737481719268e+00
-3.101026352594311586e-01
-7.582209235603227793e-01
1.252365737323963835e-01
4.104392610300264810e-01
-5.098600376067997653e-01
-8.258779477464683882e-01
4.761439787421706260e-01
6.412790809896578015e-01
-5.533358854998120524e-01
2.023661544170314575e-01
-6.296433639589797959e-01
-1.974421210912167268e+00
-3.343342196024741697e-01
-5.016615452252680685e-01
-1.070874874374632801e+00
-3.981181288196535689e-02
2.020530985908767230e-01
-7.523749569317624841e-01
-8.242624602306993786e-01
-8.447631729688461766e-01
4.203149892226891726e-01
1.509307873488006380e-01
2.428051384987523487e-01
-1.248049597084633922e+00
-1.092163616870413634e+00
5.668301318152372259e-01
6.444716884635139920e-01
-4.182244280155404392e-01
-1.165116590028933530e+00
3.304716918638777590e-01
3.559096065203827819e-01
5.125773146942609326e-01
-2.153110619292633310e-01
-3.916837898484136771e-01
-1.607002772234845667e-01
-2.048660991495839578e+00
-1.591411595597899353e+00
5.249377948084432699e-01
2.272280176206806501e-01
2.149526933859146727e+00
-4.346714617400896929e-01
1.039853450993622364e+00
-1.313713164792529087e+00
1.672662024470353836e+00
-5.339069053395796294e-01
1.045821802305760384e+00
-2.689831587354731268e-01
2.121464695628908714e+00
-5.246546290657939648e-01
9.191025881058447755e-01
2.114826387872703162e+00
-1.012341086432051451e+00
7.409105905453181595e-01
1.095302221041187574e+00
-9.731035864182483452e-01
-1.819778935784103879e+00
2.104980670281932087e-01
-1.891148004689376938e-01
1.219067097208165862e+00
3.069868779028073202e+00
8.589214473969786212e-01
-7.330414938152109983e-01
-9.250267094335679063e-01
-2.348839518692595954e-02
2.194151161182575915e-01
4.123749832717162334e-01
3.977862660892727553e-01
7.596636286131257521e-01
-1.158167485412828990e+00
-3.426287287492300604e-01
1.413551135459391261e+00
5.340534636902039001e-01
9.622697127124701932e-01
4.053026634236046588e-01
-5.430838905793734517e-01
-3.256572138581652620e-01
-3.232036564669643619e-01
1.091016750938538893e+00
-9.308286110749293130e-01
4.011048983853832683e-01
1.289283921355345586e-01
6.406268319773866793e-01
2.017991042752540487e+00
2.057430864180488594e+00
1.607500247584194297e-01
1.053540925578724030e+00
-8.620041631232140400e-01
-7.115406049600786487e-01
1.418025461760658024e+00
5.708015258636989220e-02
-8.355261628273722430e-01
-1.887144477379655738e+00
-1.121951068792004902e+00
9.034683490483852442e-02
6.723833851051783661e-01
1.250838639337275238e+00
-1.179157855090755769e+00
5.019547489219133851e-01
1.616227048530953780e+00
1.764876758301294757e-01
8.550281742526352202e-01
-9.040472530758925096e-01
4.045549044665040506e-01
-1.285988227794317762e+00
-7.847504981328037310e-01
3.838688941804094812e-01
1.136061702605370760e+00
-8.936684079786499924e-02
2.700825557874594329e-01
-1.076023555142167520e+00
-1.585980665887120611e-01
2.638886343335349327e-01
-5.904511931295258753e-01
6.614956388098086615e-01
7.460807996324608782e-02
-1.748200267982529033e+00
2.059109882148638881e+00
1.646818517926664505e-01
1.217999647434215849e-01
5.736750883909593757e-01
1.622043828313114888e+00
-2.510856509216903287e+00
-1.403935878235620383e+00
2.059981910722962495e-01
-1.725920509392528723e+00
-1.121992434003763195e-01
1.266398495969021099e-01
-3.913458073587746666e-01
7.648909966648842484e-01
-1.768424158188154571e+00
-1.032297413634915006e-01
-1.868535794453176357e-01
7.294351508973729858e-01
2.094962369989134210e+00
-9.567847010688941278e-01
-1.325548467265081909e+00
5.399062250322361756e-01
1.605233609834325614e+00
1.187189797688477766e+00
7.589938943059603149e-01
2.563876930237483642e-01
7.183821033184957239e-01
-4.744168312930107656e-01
-4.294119999186998826e-01
1.022230420708985621e+00
6.750797071403187299e-01
3.502763647030363026e-02
4.954748874716236040e-01
-8.523643872790441778e-01
5.613177700489715427e-01
-1.122949593787110567e+00
-1.136074492015921145e+00
-1.297276164349902672e+00
-5.199312358501023690e-01
1.027012816090586922e+00
3.435122851589511583e-01
1.565675389036716769e+00
-1.615121351157887131e-01
5.449173661676923741e-01
-1.350680846930809142e+00
-1.041050191742150632e+00
8.082192963281523701e-01
-6.482741919705488076e-01
1.450037129661265745e+00
2.081097775078156464e-01
7.492346459901699784e-01
1.143277887177921892e+00
-4.353096080335069340e-01
2.407386458392285766e-01
-6.602581258799284925e-01
3.345499153162984074e-01
-1.552296365350968932e+00
-6.226224451527740955e-01
1.420532730086281614e-01
7.968202735442155848e-01
-2.102062715690015349e+00
8.384044528305419908e-01
4.268524134539393722e-01
-1.261798604805060287e-01
-9.376026758026899041e-03
-1.730189389870306460e+00
9.809083978496411227e-01
7.355757025156113293e-01
7.735411135559846496e-01
-1.018993923825174175e+00
5.642536647337650368e-01
-9.819085034451750793e-02
-1.052765880337073412e+00
3.056559234908535205e-01
1.263594932780764069e+00
6.450837681494719922e-01
-7.643281320727043360e-01
4.880337105770202744e-01
-6.754612671353509290e-01
-1.801548560892577866e+00
3.253108254668571342e-01
7.171640849047651312e-01
-2.204055183200744672e+00
-2.116602688309827673e+00
6.082464534760772396e-02
2.219279869604233291e+00
5.491969134244192308e-01
7.813855155183773160e-01
-7.133878928444311596e-01
-1.353714698915902404e-01
-8.919902258884697677e-01
1.463281935645051712e+00
7.868685352578543846e-01
-4.778291061850054589e-01
-1.308087233270941896e+00
-1.668281694241887880e+00
7.047478850751114354e-01
-2.207196358770624478e-02
-1.640107195669536777e-01
6.322921720675733770e-01
-3.398788702143281104e-01
-1.058949020139669406e+00
1.379459114159546917e+00
-9.546762384097129406e-01
-2.478565836918259491e-01
6.974015797293544594e-01
2.477158044549408467e-01
-1.264549186441527251e+00
1.060538259504537617e+00
-1.174691683769636175e+00
-5.038046725329903275e-01
2.011855261554728880e-01
-1.689701311830266839e+00
-4.376493799499963644e-01
7.739190175406041039e-01
6.910400899605232405e-01
9.929602802167649678e-01
7.951314717878110727e-01
-1.306873002121932692e-01
-1.641962299282055282e+00
-1.358362815393340917e+00
4.968457244303037257e-01
3.060710163597476496e-01
-5.333833212376428712e-01
6.087054450762201530e-01
-4.113220924268167211e-01
8.301295486169838478e-01
-8.144218465298079801e-01
-1.038740318172727939e+00
1.136316274085831024e+00
4.047794234467837204e-02
1.006380249667308657e+00
-3.861191759918259359e-01
-7.171156807918176168e-02
-2.479770043006520874e-01
1.981446281541206389e+00
1.091836014735770632e+00
1.172036304369478810e+00
-9.647248201790865618e-01
2.219763050562541529e-01
4.147717004676523822e-01
8.940549432979503219e-01
-1.092352484649011579e+00
7.162666129995859388e-01
2.344862077094800323e-01
-1.717765552716837396e+00
-3.855864074110919026e-01
3.686599303553190765e-01
3.239281398221730002e-01
-3.604273566231189774e-01
1.450427711719115997e+00
-5.753185106335180210e-01
7.335915678432878284e-01
-1.705680410150706983e-01
7.712384079138180359e-01
-6.895926583912689312e-01
1.092605519734506092e-01
-1.478451218461346306e-01
-5.646904537612743580e-01
-7.882527432852234339e-01
4.299277817688192393e-01
2.480123474694587438e-01
1.546875139358862672e+00
1.601435102049636239e+00
1.050384007971450817e+00
1.813428411459063305e+00
-2.154194307518361828e+00
4.833206667911720822e-01
1.398967757822071833e+00
-2.041755590327431147e+00
-5.406228089482945087e-01
2.100911460317253232e-01
-1.078801537158889268e+00
-7.246697197749825126e-01
-1.886352732213174788e+00
1.360457701964407518e+00
6.139474976182194288e-01
8.092442957207800491e-01
-8.619903698174471440e-01
-1.955188762317525974e-01
-3.094501756312780794e-01
-5.184168970373026486e-01
-3.859629803896629796e-01
-2.317089851489128716e+00
-1.438889675140375968e-01
2.817650373446511924e-01
4.540304446454360154e-01
-4.066578230219910495e-01
1.316765099175345455e+00
-5.965492809809594954e-01
6.427546676623070443e-01
1.280328074119686299e+00
7.969190047952904310e-01
-1.178087578696270371e-01
-9.120713949123039344e-01
-5.914807638111724275e-01
8.142323967995011014e-01
-9.594505181779775516e-01
1.554189500801954615e+00
-9.952210801291896947e-03
-1.174439127603781996e+00
8.830435263010946167e-01
-3.092354068155596103e-01
9.994257251645948248e-01
-5.012777387466933465e-01
-3.334584046635785115e-01
-7.487792429185501364e-01
-8.882620493336368384e-02
-2.442693060025966645e-01
1.073873544022606374e+00
1.351877049906387462e+00
-8.901361989307255973e-01
-3.977891767579697646e-01
-2.504517812267367471e+00
7.240537672756254539e-02
-1.280955115953365864e+00
-1.856200285152879603e+00
-6.647686917921075134e-01
1.074417874429438147e+00
-6.047945786201932433e-02
-2.235562581855092379e+00
-1.314166683998720941e+00
6.120796369360794742e-01
8.703256042303582074e-01
-1.401428581950587837e+00
5.114959902834778083e-01
-6.041351915302297648e-01
-1.081269628128609828e+00
6.772314538399923922e-01
9.473826425921825223e-01
4.699473944611632370e-01
-1.830557629747785686e+00
-9.101140094317230478e-01
2.054782298889188397e+00
2.917094085292215588e-01
-1.972656089424992473e-02
1.844068210358670579e-01
7.289298247661107899e-01
8.413967297742737106e-01
-1.511105087311569006e+00
3.539563437957715664e-01
-6.723106855029890028e-01
9.487360002598815845e-01
7.232575542938578517e-01
1.672416726400586029e+00
-3.010724230596843465e-01
2.966855134193044363e-01
-5.239550857545467455e-01
1.477096482234079577e-01
3.029554286618870163e-01
1.627213645244665330e-01
1.538430000031580480e+00
-8.453309301742251147e-01
-9.026707926899525392e-01
-1.163886012984804319e+00
1.334872765481098789e+00
-9.552642245300724255e-02
5.463325029241377327e-03
4.565177778896047922e-01
8.233355407656269831e-01
-5.595578189617256282e-01
-5.565340503321537513e-01
2.808698344971525263e-01
-1.083248799383214722e+00
1.316650324744586209e+00
1.591177751922661088e+00
8.118613999983991664e-03
-1.477771490238609209e+00
1.944865347483114848e-01
6.660649566894862872e-01
9.888668993421547704e-01
3.349510258707215082e-01
1.578522227135857214e+00
-7.658240744716671156e-01
7.023797046372637354e-02
-7.065761837976567428e-01
5.478147028919346795e-01
-5.926980005831353759e-01
1.624544365220733422e+00
1.240728430313821518e+00
1.865867300372094362e-01
1.134387834331588518e+00
-1.689367471116774988e-01
-9.332646945811480244e-01
1.384387489429105278e+00
1.224607672168759542e+00
-1.081199143064024648e+00
-5.308582882891658139e-01
3.531706152324526338e-01
1.005468733051323893e+00
7.180365151190767348e-01
-2.303707648192484803e-01
-4.111314518188689537e-01
1.647030039020993541e+00
1.783229635436907934e+00
-9.463643309372680168e-01
6.546244125233331435e-01
-1.094455604287765782e+00
4.642697252050149714e-01
-6.516946351274301164e-02
-1.419372625201976046e+00
8.536038964040071342e-01
2.326722181037122611e-02
-5.628746659396027807e-02
-1.927948903308958906e-01
8.346656624916945488e-02
-9.018808294119228242e-01
1.748393076445427186e+00
-1.510473574389215257e+00
-6.098069095533203976e-01
1.217818244383627846e+00
-4.747414072258421824e-01
-6.085036237357820399e-01
4.324253664760865229e-02
1.222827307254910068e+00
-6.718978205176885377e-01
9.741272956814297501e-01
-1.206177463110486903e+00
-1.107923035803241030e+00
2.856062854689602193e-01
-6.015900262759062977e-01
2.507292006821115304e+00
1.285618185472025443e+00
-3.011792226913175274e-01
3.464482426982616325e-01
-5.538437963792564034e-01
7.113748461580933213e-01
2.968736564069081041e-01
1.145396916350019278e+00
2.303407407607575674e+00
-5.265102960379357440e-03
-2.800471192776735618e-01
1.189123888163058584e+00
3.825453078641946614e-01
3.728626295634444587e-01
9.971247389950075313e-01
5.001787523019298742e-01
-1.254721126248295571e+00
-1.652179938230695644e-01
1.135735207537093144e-01
-1.464060771025473606e+00
-2.329505527990496094e-01
8.443985322931930604e-01
8.240135343873890017e-01
-1.280766680394176626e+00
-3.105849837115025602e-01
2.853551570145503313e-01
8.718411685399712896e-01
3.063310411345352424e+00
-1.604395313329627148e+00
2.607099652246400723e+00
8.163537138454323161e-01
-1.194474548060580954e+00
3.125085516085730486e-01
1.434385012611187893e+00
-3.667486239223681221e-01
5.093826139065594782e-01
3.740781323405203279e-02
5.076154446707014101e-01
-5.570902504701548130e-01
2.063138535851182509e-01
2.752700311524331589e+00
-8.292115249229223273e-02
1.305068746921880019e+00
-1.409504608960548744e+00
-6.777468444863039565e-01
-3.506886543421665337e-02
-2.129572854762646905e+00
3.122655193736336710e-01
-3.138220519243718254e+00
-1.553058337866512761e-01
-1.340546125480050144e+00
1.471829649892270941e+00
8.647206406019537495e-01
-6.696224366806518002e-01
-1.885001330354126037e-02
5.392745236449782986e-01
3.096148389712994886e-01
-4.837499098697664035e-01
-3.660351470670476504e-01
-6.704094509112635825e-01
-6.289306367934975883e-01
6.542379642335355294e-01
1.078265919982120069e+00
8.599198719889012965e-01
1.156165779184799236e+00
-5.378872287423529519e-01
5.180946912186444875e-01
2.386658159772646837e+00
1.735504928015010773e+00
-1.250882649188499673e+00
-9.768859068161608317e-01
4.893798625643558942e-01
-9.732562280812852018e-01
-2.750750157564948450e-01
-5.003242805958960648e-01
1.550587174842493754e+00
1.262876903191225697e+00
-2.130942795307395610e+00
2.135741934703543787e+00
4.241054078403524441e-01
2.230298780301151584e+00
-8.795130757199982607e-01
8.197967237538114071e-01
-7.336680482645424606e-01
-4.882188432356782126e-01
1.113216301241681361e+00
-4.993641876790069212e-01
-1.527025782654129193e-01
1.768682401523452352e+00
7.115608543028091315e-01
3.528960355383822800e-01
1.296475438068666941e+00
-9.223484434697936107e-01
-8.596103742595372355e-01
-1.186032290603433070e+00
-1.509543233708123378e+00
2.708560417240033491e-01
9.468531780955874444e-01
1.261753925575001267e-01
-9.483928583945555602e-01
-1.191410663513768675e+00
-4.434102193599809838e-01
-4.429637850560360079e-01
2.451689719786621924e-01
-1.803739612773243572e-01
1.199947397812416883e+00
-5.141919706359597830e-01
-2.489885896400257093e-01
1.081409950582155499e+00
-1.183696524579545217e+00
5.172099626414774498e-01
-1.112687020993849245e-02
-1.645981604403814913e+00
1.426672099028683416e+00
-3.640167177564487266e-01
5.516320449853912011e-01
-1.410616516372558360e+00
1.569140139156365965e+00
3.621921338116987354e-01
-2.198857026387726343e-01
-4.721880014231976119e-01
7.562685526252425072e-01
1.044894065148465723e+00
7.120133046799396181e-01
6.274540945345983278e-01
8.875008572997464262e-02
-2.502325930915758612e-01
-7.308521358595864159e-01
4.880787719626311638e-01
-5.492782969414814476e-01
6.129458436740223837e-01
-6.462570685500944601e-01
-5.759782716893974142e-01
-9.260740100868277702e-01
-2.353467107757998000e-01
5.457015268893964377e-01
-9.795377172041885849e-01
-9.121395490237044212e-01
-2.364585608267934180e+00
4.647392693324397528e-01
-2.538923212822721820e-01
-6.059000135802904419e-01
4.456254079512293048e-02
3.472785877311392322e-01
4.957657725228478696e-01
5.932042373635466603e-01
-6.485959093872361025e-01
-8.302169853798777588e-01
-1.346589463731350488e-02
-1.001949480840371942e+00
-2.391491537562363268e-01
1.359053274861488081e+00
-6.158311241840271899e-01
-1.806547863356208428e+00
1.508483120058156102e+00
2.898647276487084645e-01
-1.292075851892270366e+00
-1.732997847093775245e+00
-1.077234782173707384e+00
-1.759593156629830346e-01
9.800680958999895276e-02
-3.690859083827718323e-01
1.266964789142856374e+00
-5.260138069194285615e-01
-2.700427585807994579e-01
-1.626682989818332148e+00
-6.806629761711010529e-01
8.519569146684341510e-01
2.288898089284483739e-01
8.491691999307321437e-01
-1.681076665648882917e+00
-6.061596673826266102e-01
1.295847263673422511e-01
-7.188057857966414499e-01
5.924268307472313477e-01
4.417547713577550661e-02
-3.114464370127634774e-01
2.511572916565828484e-01
-4.464495231152414423e-01
-5.050619542971157561e-01
-2.172296742528209368e+00
5.510895942724232111e-01
1.161432142550084645e+00
2.468325651153513434e-01
-4.685628446994862806e-01
-7.762518181038514653e-01
3.690435990939813782e-01
-9.495044866394666272e-01
7.350184776509909312e-01
7.534141505145833806e-01
-1.612735203384697835e-01
-1.727519515083140833e+00
1.425174000439466404e+00
-8.478227012870981696e-03
2.113720534679058183e+00
1.387701695467920437e+00
6.656419297643527688e-01
1.240932086090144271e+00
8.195983736680574339e-01
9.350739449159402028e-01
-1.063290656213011637e-01
-7.062891436525371436e-01
2.660152335998179574e+00
-1.563779092975928320e+00
-5.789277518550002277e-01
-8.835517231517304726e-01
6.896219005998265317e-01
6.375564655262150326e-01
1.211321153212136931e-01
1.183855568138598713e+00
-4.300480136455824276e-01
-4.690857642504531189e-01
-4.943340999159546167e-01
7.518399743357752074e-01
1.190180891614723624e+00
2.308008665193426179e-01
-6.013875202795002095e-02
6.327229180493615379e-01
-2.079413380242378928e-01
6.866282512429050522e-02
-8.343970603613544146e-01
-1.183290299664351841e-01
5.767594163099057925e-01
-1.106217516971846226e+00
1.339794329890909630e+00
-1.161839914273983476e+00
1.061525527936112434e+00
-2.891456102392882532e-01
-7.929922013805038583e-01
1.527317322425014057e+00
5.394890318005748364e-01
3.312814133755247470e-01
2.983843547958910936e-01
-2.576076289360724192e-01
-1.317191238899686700e+00
5.522235078824926369e-01
-8.067193461097775520e-02
-7.609416732782234849e-01
6.617563106422326147e-01
7.168002284572931870e-01
9.419767070394883257e-01
2.128617875195761011e-01
-3.981569948901111933e-01
-8.803955868800236728e-02
-2.450205611682629570e-01
9.877209083872480200e-01
-4.460391337987062443e-01
-1.672071684285481918e+00
-2.257667147025736454e-01
-5.762887614612397513e-01
-4.071570640073716193e-04
1.377975691767399535e+00
1.316808918234372294e+00
-4.777838032753531916e-01
-1.411268025527134595e+00
-1.076923376458320813e+00
-1.035199923640782727e-01
-7.334933364264977218e-01
-4.436506798489123216e-01
-4.482438947833140563e-01
1.576345307390671024e+00
-2.468844245023098960e+00
-1.489993880477572308e+00
-1.607889147107519845e+00
-2.141585041717491977e-01
-1.148775187988353652e+00
-5.441307189584972948e-01
-2.722345682857785221e-01
3.514174822761473860e-01
-6.336994236148346627e-04
-6.295891230818941864e-01
-1.647589266898758786e-01
-3.152968121629327047e-01
7.509959481678118998e-01
1.409848683050910934e+00
7.233509499392081210e-01
-5.127321848706372087e-01
2.025371258059660562e+00
-1.688790696992688245e+00
-1.050559294030136925e+00
1.028827215861180644e+00
1.236223126024589503e+00
8.568879945971664969e-02
4.512451576823216515e-01
7.326094266043492453e-01
7.201628115701819155e-01
-4.475835528599315105e-01
-8.316723002552900423e-02
-1.717752141220706685e-01
7.188293527594455945e-01
-4.555665469469085682e-01
-1.108193986899503658e+00
1.578007729839368822e-01
-1.462825294682106980e+00
-7.590951067077492675e-01
-9.176895772605612178e-01
-2.410615147827727789e+00
1.961055813760837277e-02
-1.337025423499237808e+00
-6.948169201402878414e-01
-2.371013672511870785e-01
1.159509362764197915e+00
1.939662961278563191e-01
2.299528972663175130e-01
4.412015805114897216e-01
2.706965997734532559e-02
6.873507494399873075e-01
-6.350257286608070040e-02
-9.526299285841564046e-01
2.210981152476196865e+00
4.055295923650212853e-01
8.775813101637124081e-02
9.670915491880824333e-02
1.041373831420838281e+00
-4.854250441705784680e-02
1.428296930998254333e-01
4.768717023318448378e-01
3.376263910961776471e-01
1.007205284847467075e+00
7.610531373974022129e-01
-1.078535370666661830e+00
2.495064930906335243e-01
-1.209920667984881071e+00
5.819503922335486079e-01
7.581805796277368836e-01
-6.248902705544102654e-01
8.782749596518642232e-02
-5.239426095515350434e-01
2.077004623789016513e+00
-1.093002635243950360e+00
5.335063406481458381e-01
-1.512685225571201997e-01
1.227173621313786489e+00
-1.838437985803879515e+00
-1.242789913545020664e+00
7.478481960423506436e-01
1.230853544290979734e-01
-1.594892585056734369e+00
-1.941501299437914385e+00
1.017411976665743012e+00
1.780749119293443261e+00
-9.626621032168269920e-01
-1.365093026738285475e+00
4.993238820204887185e-01
-2.528928256622805515e-01
-1.716004144803451315e+00
4.283485919668690856e-01
1.026163704245127428e-01
-2.945600792937513313e-01
-3.058380296776504470e-01
1.133287574613119464e+00
2.068495915062509294e-01
1.949450464048553822e-01
2.899548629468665095e-01
1.322060608977029705e+00
2.376894608688931765e+00
-1.416398966450524988e+00
5.403233617320667426e-01
6.061616328982222246e-01
-1.387195221456551497e+00
-1.115516613585378458e+00
-4.700624819672369892e-01
-7.112622375860164770e-01
-1.563263400876665710e+00
-6.089941478199951685e-01
3.599822634451236431e-02
-1.204400722764901177e+00
-3.142106096620905231e-01
-1.451505977785504109e-01
-3.218515814712043510e-01
7.315705829925742698e-01
3.600794866189999111e-01
8.116948087008125645e-01
-2.259307981306855617e-01
-1.986197089482010680e+00
9.388231501639067167e-01
-1.457748585341560599e+00
-2.789879143565222375e+00
-1.785903219055984259e-01
1.843634484501461390e+00
1.634952431700739117e+00
2.236968130826182954e-01
-5.388175319383737838e-01
2.298403410053362073e-01
-1.219996593683466468e+00
-7.330349736500746394e-01
-2.959804404569210678e-01
6.822316158823772403e-01
2.089717629918867725e-01
-3.534676990410187680e-01
2.871293097839218156e-01
-6.167240954284166632e-01
1.065017046961886926e+00
-4.211122853085652040e-01
-8.064029626837623255e-01
2.218456516796041278e-01
5.584016482684145410e-01
-4.418057052651391814e-01
-1.118453192963302145e+00
2.365254366602393521e+00
-5.936767470213918374e-01
-2.472013344839092852e+00
-1.857577520941086524e+00
1.666865736939243114e-01
-7.804635283947423119e-01
-1.981873178938226676e+00
2.010686161553982068e-02
-3.843747825281213643e-02
1.468438037091639448e+00
1.066792615203415950e+00
4.694503759664860887e-01
-1.185710230668452603e+00
8.819904363143100945e-02
-2.419975206238232923e-01
-1.650738615928665221e+00
1.522871383667463718e-01
-3.164863043608839854e-01
-1.248352551144130684e+00
-4.937670547180450509e-01
-1.424521951027219790e+00
-6.665245122758706176e-01
-1.494323953126460491e+00
-6.581907776361424212e-01
-1.967173994682897664e+00
1.116888552441939408e+00
-3.658543618605301639e-01
4.233352433367368883e-01
-9.065402230438253384e-02
-7.031424505138215153e-01
-8.402069703882126817e-01
1.808352009070661959e+00
-9.788931182928618802e-02
1.389907049161215102e+00
1.583902486341901783e+00
2.968065072735526222e-01
3.916078791105454537e-01
-5.501872965760700174e-01
-8.965292205293824424e-01
-3.529413338934463962e-01
-1.319590940490633191e+00
-4.399062158871704931e-01
1.289670600500464337e+00
-9.582171795306168027e-01
1.837756732167522333e+00
8.638958631665466514e-01
3.310947889156894419e-01
-7.391262576744738189e-01
7.882314535759446517e-02
-5.656332748622260320e-01
4.456572559129328703e-01
-1.485688402586053058e+00
4.838371078839160400e-01
2.144850064561385050e+00
2.076536535530875582e+00
-5.240644140179993027e-01
1.036058548643279842e+00
-8.739533821489544607e-01
3.948302906519037259e-01
-1.214972621409549758e+00
-1.108125328427677969e+00
-2.593082822289668687e+00
8.378227659281238804e-01
-3.159597906333320716e-01
1.231521111586783901e+00
4.440543863066185315e-01
6.428042993283176187e-01
-5.863710638828739663e-01
-7.260743950177029893e-01
-4.376721493193309054e-01
-1.591044413598664553e+00
9.011118856866214832e-01
-1.794882212237050856e-01
-3.165963186551005726e-01
-4.620966123834754358e-01
-3.064336062225395674e-01
-5.352727501763685503e-01
1.156349662116038290e+00
3.729993954033766212e-01
-1.027212552843894455e+00
1.358890662193585064e-01
-3.884217749629914063e-01
-9.118003529417600950e-02
4.953400186510635850e-01
-1.469493265594322251e+00
-9.478521936978117068e-01
8.125349364415970221e-01
-1.813228559872901921e-02
6.615343056721513237e-01
4.098072750406292486e-02
-4.575458579191575836e-01
-1.196805007332925275e+00
-1.705789305584246573e+00
-3.228721984672982548e-01
9.756805732926643326e-01
-1.117465993172655381e+00
-7.000937832145742723e-01
3.496351322150340057e-02
-6.343361462961899511e-01
-8.871677416435893582e-01
8.695625923307471750e-01
3.509157649405136858e-01
-9.876331061298965208e-01
-2.034097955203407970e+00
1.392265269247406012e+00
9.684079725714327402e-01
-2.065431959440271470e+00
2.380133224450713125e-01
-8.344664538366100004e-01
-1.356952340776367061e+00
-1.515039013776707577e+00
7.581188475103743940e-01
2.484833517626856281e-01
1.398193744042748765e+00
1.536619502082053224e+00
3.865738921943907835e-02
1.966052275469896624e-02
-5.701553243806450899e-01
8.317784861999152346e-01
6.867488103135838129e-01
3.522232824362133141e-01
3.580068534043381767e+00
9.267072395124792417e-01
-2.364082697487756429e-02
-8.147858491502112388e-01
1.990118406976417176e-01
-1.191133155189009640e+00
2.506424867184892102e-01
-4.585035038660111306e-01
-1.891286627759769245e-01
-6.597990072927975014e-01
-5.463379336274396536e-01
8.358731450726216219e-03
8.681844220185456207e-01
-3.180398672681936656e-01
4.571566299501909070e-01
9.223150066600059871e-01
-5.177391621667302296e-02
-7.220986880237274530e-01
-1.101537309838685363e+00
9.590858533284016829e-01
-4.492627474006711807e-01
8.637123208736399160e-01
-2.469290176935944991e+00
-1.610736826825599044e+00
-5.841833048112958782e-01
1.190705219522616640e-02
2.331403085051140800e-01
-5.561902291809889265e-01
8.044610235335881709e-01
1.283226356197086027e+00
9.851811832923632606e-01
8.578353628142867948e-02
-4.146159321759422811e-01
1.202742565273939024e-01
-2.457359220612645445e-01
-4.001888319535437666e-01
-9.119072984996472453e-01
1.105539671426192694e+00
1.290310070872950354e-01
1.325018494780764611e+00
-1.057919375842715226e+00
5.979442802193560835e-01
3.485965936965129131e-01
2.234901310704961175e-01
9.072718274220841206e-01
1.065862031802565113e+00
-8.799793843501386714e-01
-3.341938195227990849e-01
8.852988169861705225e-01
3.812504211526023257e-01
-1.703611910966900123e+00
2.032832575023209021e-01
2.000769614392927664e-01
-7.892867345719797312e-01
-7.467240048278870335e-01
-5.565938360172109078e-01
-5.126867318493222303e-01
-1.104017185693576097e+00
-2.114809047975489076e+00
1.540519627090721766e+00
-5.967844577797877248e-01
4.745532950559006036e-01
3.816940074708240482e-01
6.583437110784620683e-02
-2.682721116714883447e-01
6.246748192237769892e-01
5.272740602103148655e-01
-5.225580244213037240e-01
-1.675199644930912113e+00
9.999149068820573083e-01
-2.127835592159388056e-01
5.868802620928884606e-01
1.004771239827981555e+00
-5.738392267129421853e-01
-1.017844004416904452e-01
1.479611665159757672e-01
-5.189150204149445278e-01
-1.454910247566204295e-01
-4.287397360585138428e-01
-5.374129429325387175e-01
-3.205836528508360650e-01
2.371436382440490931e+00
-4.835627397922208637e-01
-2.673013131326015257e-01
4.486102435774610986e-01
-4.503701708862718478e-01
4.376095310803267413e-01
-1.099213459127315051e+00
-2.537251789904539367e-01
-1.413614535493777358e-01
9.539901206027726621e-01
8.183234693350350808e-01
5.545882193106498326e-01
3.603927439078613570e-01
-2.517067038872258244e+00
-8.422265152646918329e-01
-1.824693202951238602e+00
8.102503171767595491e-01
2.501572774280760858e-01
1.834408611716477622e-01
9.401276129032647422e-01
-5.333810762397861449e-01
-1.803134457788218015e+00
7.626747938468043664e-01
3.621335723768238646e-01
3.842313149058537713e-01
-1.454368049297457333e+00
-1.733963391214385363e-03
-3.864854627422056321e-01
2.325667504982819711e+00
6.042362479316644164e-01
-4.775900509918692416e-01
6.917723911252462998e-02
1.320347353667333135e+00
1.558286670379039895e+00
-5.257001693208367410e-01
-7.064387130064946341e-01
1.064677369143421704e+00
-7.299572974656694246e-02
1.517498189623041727e+00
-3.584586691969542382e-01
7.180752958711899003e-01
-6.418110056380026407e-01
1.520720248844077194e+00
1.324592338722248297e-01
6.828340969817117134e-01
9.504829138603468341e-02
-1.373245435049887941e-01
-9.488649783529885529e-01
3.085159566096664085e-01
-4.407991201587358465e-01
-2.352755557937601161e+00
-2.396418344527758149e-01
7.335115219872717640e-01
1.654367528574969493e+00
1.254063374554582388e+00
2.597641965674206688e+00
1.546662994844707484e-01
9.625073794645544467e-01
-1.700662880650779085e+00
1.084510010050454692e-01
-9.454949834694863497e-01
1.170984530897527298e+00
-1.482582844816631829e+00
4.044421194463194147e-01
-8.025917894811620545e-01
7.708110383506994179e-01
-6.037157824150772845e-01
2.639061739752075475e-01
-9.923127402095784921e-01
-9.915292793193917209e-01
9.451139487601039058e-01
-2.617546485446765603e-01
-7.198817059280573361e-01
-9.411621088955082204e-01
2.159336534235805904e-01
-7.301959752954017002e-01
1.646112862001652077e+00
-1.732304024432249623e+00
-1.903039010644068219e+00
1.378458480562482213e-01
-2.396154095602374690e-01
4.325931318888280863e-01
-1.113370942833028093e-01
5.437952334353562955e-01
1.551364951539088988e-01
-1.126781831582921445e-01
5.346610927033794702e-01
-9.493667951870136124e-01
2.227609236706302176e-01
-8.973444976124120842e-01
-5.313107149577473987e-01
-4.025613847770389553e-01
7.599066725009299139e-01
-2.206422610472485335e+00
8.271026260330340829e-01
4.279786131979422537e-02
9.332795166358930361e-01
7.860178775486758029e-01
1.321101081781300701e+00
-6.532968166453774206e-01
1.710519803104093017e-01
5.198395076794426473e-01
-2.564885942482300063e-01
2.270809180175752673e-01
2.452872837388077321e-01
-7.171398210604307266e-01
7.640552115828205260e-01
3.912026197411917483e-01
-8.216135601032907854e-01
1.760557101877116559e-02
1.667068757046821670e+00
-4.594686578358784801e-01
-1.654965481378443959e-01
-2.355548820692066891e-01
1.321864427916343843e+00
-5.916216029438523538e-01
3.335564304725157636e-01
-6.841854941732394835e-01
7.149583291960390774e-01
-6.492220650039600693e-01
5.895842478032867762e-01
7.728733747979655844e-01
-6.885658804941552358e-01
-4.057576418500732363e-01
5.744905053318870580e-01
2.137957008133559267e+00
-2.090744885950861498e-01
6.213177495025334895e-01
9.925333522061633440e-01
1.551031685544820571e-01
-5.522589489563403120e-01
5.787190676264755140e-01
9.649934297214600720e-01
-1.016364701043827035e+00
-4.700008215685456125e-01
-1.065321349972616849e+00
-1.122295039267469319e+00
5.835299996033157521e-01
-6.812918531906283492e-01
9.528586892005195264e-01
7.101543061392066869e-02
-6.443031901908662373e-01
1.197578153889402586e-01
-7.464327416974176899e-01
-4.914825852409902135e-02
-1.723377968413064121e+00
2.571904883004476616e-01
-9.337743851249159510e-01
1.417224796942809784e+00
-3.237498414034957750e-01
1.658128534572056445e+00
-3.908025464199920695e-01
-1.151346485741006509e+00
1.815219346948627299e+00
4.148974727796964634e-01
-7.725632415485582660e-01
7.223719632304398397e-02
1.451510746650860995e+00
4.170261246202548455e-01
-8.885052658012053406e-02
-5.389592461775243315e-01
-7.024638131070323199e-01
1.575488264603312816e+00
-4.731888040367018822e-02
-1.623924590800564616e+00
3.673990103433119603e-01
-5.509347248687433002e-02
6.708893410384985101e-01
8.739478549236123772e-01
1.099723464774380544e+00
-2.413985887855434054e-01
1.719128865793443164e-02
-3.696106214201106965e-01
-1.191370161708243530e-01
-1.208003216641481137e+00
8.832853332737323759e-01
-2.327967822510205731e-01
-1.800781966844948068e+00
1.242106453689123757e+00
5.485024379957934570e-01
1.960808537512690908e+00
3.116288995303099774e-01
-2.491252764700098987e-01
-3.377912117334029851e+00
-3.074749137844644320e+00
-1.003316693210973970e-01
3.104468686813605660e-01
-1.367832731032541993e+00
-9.763213814844650118e-01
-1.628044027184005982e+00
-6.633576576068869191e-01
2.042987210108539120e+00
-1.138193292713164828e+00
-8.605296667985591619e-02
-1.171190694897930928e+00
-1.483647555168523313e+00
-6.870091775601959716e-01
8.445501480357947566e-01
5.164028863308531836e-01
-9.150019178934213349e-01
-8.948862709839291441e-01
1.982710698118221038e-01
3.448475634173411297e-01
2.090555065850999039e+00
5.904268055652326375e-01
-2.181931396580338300e-01
-3.355171478710904376e-01
3.594077987301169119e-01
-9.486172151810076114e-01
1.609541306375025238e+00
-2.269400320869677246e-01
7.964325824498217354e-01
-1.771159212223917256e-01
5.706721770467075572e-02
1.113661558577293098e+00
-1.461230167643102762e-01
-1.148458723279222937e+00
1.550470604237522032e+00
5.898887673920705232e-01
4.323482377092560114e-01
3.368310504648219100e-02
9.790157624387741953e-01
5.096670850493006943e-01
1.337993048797383899e+00
2.685310871897387819e-01
-1.533828248029161234e-01
-3.219548967684585095e-01
-3.403591050514867544e-02
-7.195177380580457527e-01
1.351598443897373603e+00
-2.154414951827101909e-01
-6.989087686406494360e-01
-1.556328961650568776e-01
6.472226750072893608e-01
2.513727370065070299e-01
1.762237024473135127e+00
1.403804774278154428e-02
-6.482585548919408414e-01
2.722379103869350114e+00
1.238599529948974265e+00
2.055975407556913215e+00
-2.375830989589576281e-01
-6.677372917935762153e-01
-1.713002240236309870e+00
-1.096040209529432152e+00
7.401190907132304542e-01
3.079892045736145612e-01
7.761158747728891250e-01
3.196009108809229615e-01
1.626499345039946198e-01
-1.896398029398204343e+00
1.410287593101698711e+00
9.974209449095636781e-01
-2.093888477410726923e-01
-1.195815505768728082e+00
1.347722771621033155e+00
4.257835679591087663e-01
-1.973324985326431469e-02
-1.572589987669762157e-01
9.305270281040577407e-01
1.793163927946808331e-02
8.091179557113663545e-01
-3.589963849632344939e-01
-4.132367259795259318e-01
1.182363930295636523e-01
4.943416592022136791e-01
-3.197357277174596724e-01
-5.501314463391712151e-01
-1.196599283224077492e+00
-2.176831640073965346e+00
1.946374112427903535e-01
1.340806121039159748e+00
-3.449695138683912532e-01
-6.899739147573535902e-01
6.991944281239331760e-01
-7.012381344410616446e-01
1.415380038630024817e+00
1.513530531971828630e+00
-2.772829204064293229e-01
-4.171794979542735593e-01
-5.615407114069946859e-01
-1.396530265413541638e+00
2.517224978602025653e-01
4.190192201888568446e-01
-1.326443328854094883e+00
1.333769308640417317e-01
-1.267217989202242823e+00
-6.299013715925435575e-01
2.640087660502427602e-01
-1.668445325044044525e+00
-3.283421227095456585e-02
-4.529638002487341997e-02
6.778828968404296829e-01
-1.047528633444417157e+00
-3.284779930694645689e-01
-6.368504158478718868e-02
-1.300355557953516428e+00
-1.004198900721879895e+00
8.493780494865428299e-01
-4.000869311519347216e-01
-8.577780833584832676e-01
-6.826294372383160391e-01
6.725837514782506688e-01
-1.278999214464104472e+00
-9.091408367839871885e-02
1.353189331264486261e+00
-4.463158865768409034e-01
-1.439006846818481344e+00
-1.687235781043480431e-01
3.180555553486886233e-01
-5.398371051938247733e-01
-6.202451832633860268e-02
-4.602367639347702127e-02
-6.951275656815757431e-01
-1.183029218142034100e+00
1.737944048533242247e+00
9.586806400268532702e-01
6.041084225646961015e-01
1.084191887381980468e+00
6.917259664776037598e-01
9.021660808844416124e-01
-1.835053798997555718e+00
4.893507220208310193e-01
1.527250121126773497e+00
2.937411451269401064e-01
-2.853640860827069692e-01
1.803227744972461244e-01
2.933893698267874828e-01
-6.084270746628789306e-01
-8.173045605045804463e-01
-1.341162983060884273e-01
4.397533271305690827e-01
4.300120480672075529e-01
-1.215721566699007328e+00
3.275096175265327592e+00
-4.413914622375417381e-03
-3.691528398306633818e-01
-1.135781533359996542e+00
-2.339942460526489298e-01
1.737418140571967695e-01
1.495604972408537847e+00
-3.870928107645161265e-01
3.355480271860616925e-01
3.950820173584333739e-02
1.409325957926713113e-01
-5.775936171009536935e-01
3.892772684053060622e-02
3.557523692856427999e-01
1.391705255518759898e+00
-1.183484400902806710e+00
1.442658300385620374e+00
-4.886842512524752768e-01
1.446502055311078117e+00
3.875093450365878905e-02
-1.131533514359542192e+00
7.775526163468340357e-01
-1.228992653072291524e-01
7.573887760022544047e-01
2.145572047032085816e+00
-9.753709419558345139e-01
-5.170110371387749426e-01
-5.430949074661376580e-02
9.736328970652079473e-01
1.161986839201026189e+00
3.763651622481364312e-01
-3.977620556964521770e-01
5.788081709395015428e-01
-5.347952859877985743e-01
-1.253805473920682756e-01
-1.172546498223832501e+00
8.457741729338994485e-01
-5.853144255250832817e-01
5.261023045301719270e-01
1.275290455337625861e+00
9.524571427262359391e-01
4.676576360383957742e-01
-1.502938598208456211e+00
-1.450841796226815861e+00
6.847223722302313575e-01
4.261054594814604468e-01
-5.715588633650672268e-01
2.148505961430205780e+00
8.981689839605352388e-01
-4.693838922909202016e-01
-1.102964248268915259e+00
9.801743116145754664e-01
-2.263678427485957545e-01
7.272719733797741726e-02
1.174078705664295397e+00
8.733017580620936471e-01
-7.931677297692892870e-01
-2.595888237922947539e-01
3.785001602025224177e-01
6.304362411495922913e-01
-2.234986260155734372e-01
-2.103091096407759542e-01
-1.128065494268525037e-01
8.278359928078262708e-01
7.574331169745529557e-01
6.018647832802952700e-03
-1.380066013909806211e+00
-1.994097308266760793e+00
1.497241328408139616e+00
-9.940059549847953813e-01
8.267957469635545120e-01
1.403094555301819035e+00
-4.292875635404170276e-01
-2.717673326253196575e-01
-1.508267092365572992e+00
-1.004471066740398877e+00
9.121773599994059678e-01
1.998851587812311870e+00
1.635673314860842886e+00
-2.203007786601989537e-01
-1.738887324285770086e+00
-1.397811646359362059e-01
1.343099806389644879e-01
1.009754122404391108e+00
1.398989020408293538e+00
-1.464642950550428369e+00
3.136281475484179460e-01
-1.623595657376781798e-01
3.083659902076781645e+00
2.000883377765934501e+00
1.031964304360040996e-01
5.002222621533571889e-01
-1.212055519023799377e+00
1.284871283220028859e+00
-9.538869108989086465e-01
-9.891998726307108525e-01
1.710508541953197348e-01
-8.240335114920289694e-01
-7.299646245834731650e-02
4.890641809541064478e-02
3.332087908740523630e-01
5.024302508354869801e-01
-1.027825471424757137e-01
1.153043295358322284e+00
-3.716560271584125608e-01
1.214829842689478800e+00
1.548357255615305239e-01
3.336896210875647806e-01
5.678736090910264656e-01
6.180572655178159236e-01
-6.873483530664978858e-01
1.133065795868702041e+00
-3.323333161388847823e-01
4.460926160572021848e-01
7.187070464301344996e-01
1.407714701776385802e+00
-2.753027283767553457e-01
-5.973566873494583207e-02
1.713068886632863330e-01
-1.921276341859114722e-01
2.048470363169787145e+00
4.732725209116647735e-01
-4.420252606676554619e-01
3.062466186195659246e-01
3.024205725205644235e-01
4.191073761894481553e-02
-1.529032892894253592e+00
1.102263051166361363e+00
2.810097141507830187e-01
-8.335947449244078822e-01
-1.950478260301728772e+00
1.457598278865025243e+00
-1.966995237161390242e-01
4.419952200647828122e-01
-8.597559976169423246e-01
-3.025457344383575831e-01
-3.941492458950598410e-01
1.435342184903320328e+00
2.946782334308482021e-01
-1.017291797308993440e+00
1.093561355239450306e+00
-1.998874981189734390e-01
7.230098576259663679e-02
4.764858951262100906e-01
2.189112736074635635e+00
1.086146494078517488e+00
-9.312583619258467671e-01
-5.678495457601782925e-02
1.749230594557060314e+00
-5.763694715257814405e-01
4.188352409671879384e-01
-4.121212694998021564e-01
-7.696869974790127023e-01
2.454845207400369489e+00
-2.854023739866419773e-01
-9.113237856077136545e-01
-2.536500107370072699e-01
3.926593011834875746e-01
2.675384494397389790e-01
1.327804281292815469e+00
-1.580156363631402217e+00
7.690466843431987831e-01
-3.257262977338326038e-01
-9.375645523773560308e-01
-3.742169365327346984e-03
4.010044001289349985e-02
5.160938841643266661e-01
4.506012927067709617e-01
2.011091651807066949e+00
2.223005339032350758e+00
-1.477502239481470525e+00
2.691545506882348615e+00
-5.408101233718951573e-01
-3.862415766294615554e-02
-1.666401011968511758e+00
5.314197387931757222e-01
-1.288384359697481552e+00
3.986055940439003908e-01
-3.432585730426515047e-01
4.634353850621673598e-01
-9.404807713985728901e-01
8.828290762781286771e-01
-2.911043207038389036e-01
8.383792376406618008e-01
-9.654465035567995068e-01
1.353340817593535972e+00
-7.668662420437184490e-01
2.189362610603205805e+00
-1.455265276565860466e+00
1.177955396143693489e+00
-5.115079676422743526e-01
6.902159572915538277e-01
5.522643506965294602e-01
7.428192103818969105e-01
-1.014892726663285227e+00
1.439189164162364643e+00
1.156910510332856301e+00
-9.903317266442769329e-01
1.920952608165414022e+00
-1.673391151472847005e+00
1.035177016705792763e+00
-3.070309599838236814e-01
-1.187931401564697342e+00
2.028020607642364859e-01
1.395955017047281199e-01
