1.964477050608719910e+00
2.007506927719960199e+00
2.054592167383800128e+00
2.105401600437000198e+00
2.159574371643429913e+00
2.216722485198490133e+00
2.276433567281700210e+00
2.338273826117000187e+00
2.401791188411920075e+00
2.466518589614739909e+00
2.531977394153960059e+00
2.597680920721490150e+00
2.663138046742020038e+00
2.727856865437789935e+00
2.791348368361049825e+00
2.853130125931810035e+00
2.912729938384210016e+00
2.969689429601650055e+00
3.023567556597719808e+00
3.073944007889569896e+00
3.120422464698390019e+00
3.162633699799469955e+00
3.200238489927679897e+00
3.232930318911400036e+00
3.260437850154469963e+00
3.282527148699839969e+00
3.299003634879639879e+00
3.309713753471749786e+00
3.314546344328450189e+00
3.313433702605840026e+00
3.306352318984799865e+00
3.293323292621519904e+00
3.274412411979460202e+00
3.249729901157650147e+00
3.219429831824789812e+00
3.183709203375169938e+00
3.142806696423280144e+00
3.097001107228880112e+00
3.046609473077840136e+00
2.991984901012529896e+00
2.933514114595550115e+00
2.871614735583719824e+00
2.806732319464389835e+00
2.739337165754270220e+00
2.669920925760179919e+00
2.598993032140529902e+00
2.527076976073390213e+00
2.454706459114880168e+00
2.382421447919719881e+00
2.310764160871369821e+00
2.240275016335920188e+00
2.171488572702600095e+00
2.104929490593849817e+00
2.041108547626900194e+00
1.980518735876890091e+00
1.923631471732790033e+00
1.870892947155220032e+00
1.822720650438770074e+00
1.779500083464820026e+00
1.741581701099699897e+00
1.709278096866799990e+00
1.682861457305319997e+00
1.662561305533400091e+00
1.648562552476670051e+00
1.641003872016030041e+00
1.639976413967600077e+00
1.645522866350660030e+00
1.657636875842779967e+00
1.676262832684479953e+00
1.701296023597729912e+00
1.732583153543989951e+00
1.769923234386650002e+00
1.813068835763530062e+00
1.861727690734529927e+00
1.915564646070889943e+00
1.974203944415579892e+00
2.037231822987689789e+00
2.104199411051180135e+00
2.174625906030810185e+00
2.248002005964750083e+00
2.323793573941800084e+00
2.401445508300549925e+00
2.480385790687800185e+00
2.560029682589120004e+00
2.639784039674499816e+00
2.719051712255870168e+00
2.797235999336269874e+00
2.873745123157540160e+00
2.947996690818179832e+00
3.019422109454739989e+00
3.087470921647390121e+00
3.151615028128090135e+00
3.211352765540699927e+00
3.266212807913989824e+00
3.315757861662420147e+00
3.359588125315720042e+00
3.397344486786670004e+00
3.428711432808989823e+00
3.453419647196759978e+00
3.471248276785829923e+00
3.482026846294079991e+00
3.485636805868229882e+00
3.482012697751040164e+00
3.471142931284739941e+00
3.453070158343909846e+00
3.427891244243619795e+00
3.395756832174110063e+00
3.356870502248309851e+00
3.311487529294140142e+00
3.259913246551790156e+00
3.202501025428190040e+00
3.139649884394149826e+00
3.071801742957270154e+00
2.999438339390700037e+00
2.923077833517599977e+00
2.843271118325089830e+00
2.760597866492339847e+00
2.675662340041530030e+00
2.589088993250590054e+00
2.501517900674219863e+00
2.413600043601829892e+00
2.325992489522680007e+00
2.239353500152109877e+00
2.154337604301439946e+00
2.071590672331040217e+00
1.991745029110260079e+00
1.915414642318920002e+00
1.843190422554680019e+00
1.775635671072220090e+00
1.713281710061830054e+00
1.656623729195209949e+00
1.606116880727519902e+00
1.562172653752160079e+00
1.525155556278589897e+00
1.495380131649300059e+00
1.473108333447920026e+00
1.458547280493750042e+00
1.451847410784190107e+00
1.453101050358519997e+00
1.462341410031470001e+00
1.479542019808010034e+00
1.504616607562879960e+00
1.537419425274130003e+00
1.577746022763170108e+00
1.625334465539399975e+00
1.679866990001239957e+00
1.740972085930539981e+00
1.808226992962800095e+00
1.881160594538640041e+00
1.959256689777350013e+00
2.041957620775269877e+00
2.128668230046019794e+00
2.218760120212260212e+00
2.311576185642040038e+00
2.406435383522770088e+00
2.502637709897800100e+00
2.599469344468340104e+00
2.696207926507689923e+00
2.792127923045559790e+00
2.886506049585119804e+00
2.978626703007440035e+00
3.067787366008440042e+00
3.153303942412600147e+00
3.234515983005250117e+00
3.310791762130250060e+00
3.381533166206399876e+00
3.446180356515620158e+00
3.504216170108830131e+00
3.555170224440689974e+00
3.598622693384100124e+00
3.634207724563729869e+00
3.661616470474009954e+00
3.680599708596029807e+00
3.690970028674020131e+00
3.692603568439420059e+00
3.685441282354999792e+00
3.669489731368440033e+00
3.644821385190220031e+00
3.611574432219029962e+00
3.569952095902019895e+00
3.520221460008980063e+00
3.462711808994860085e+00
3.397812493290880198e+00
3.325970332978810173e+00
3.247686576834480032e+00
3.163513437149810148e+00
3.074050224032089940e+00
2.979939106006050054e+00
2.881860526692160196e+00
2.780528310068810072e+00
2.676684489334249850e+00
2.571093896646260202e+00
2.464538553005259924e+00
2.357811899257780119e+00
2.251712910606840090e+00
2.147040138114769903e+00
2.044585721466389838e+00
1.945129417709070108e+00
1.849432690811789959e+00
1.758232906664340067e+00
1.672237677588719995e+00
1.592119399551719994e+00
1.518510024051799912e+00
1.451996105121829972e+00
1.393114160043110061e+00
1.342346380221230095e+00
1.300116726246240084e+00
1.266787438460649895e+00
1.242655991415289929e+00
1.227952517415439981e+00
1.222837720980239906e+00
1.227401302476289979e+00
1.241660905467139919e+00
1.265561598473810001e+00
1.298975897893200004e+00
1.341704334801540055e+00
1.393476564308129939e+00
1.453953012052350058e+00
1.522727048379979964e+00
1.599327676731270076e+00
1.683222718846979937e+00
1.773822475580079994e+00
1.870483838425309964e+00
1.972514823365310033e+00
2.079179495315420123e+00
2.189703248352469878e+00
2.303278404058040074e+00
2.419070087724629836e+00
2.536222339869000031e+00
2.653864418510860190e+00
2.771117246004420220e+00
2.887099952879390141e+00
3.000936470165429970e+00
3.111762121053999852e+00
3.218730162488669944e+00
3.321018227389069821e+00
3.417834618693179838e+00
3.508424407251519828e+00
3.592075286819520041e+00
3.668123140965689810e+00
3.735957278629510103e+00
3.795025297314550183e+00
3.844837535472890089e+00
3.884971078511879838e+00
3.915073286006419906e+00
3.934864811117110062e+00
3.944142086863990038e+00
3.942779257765499867e+00
3.930729539394549832e+00
3.908025992597409903e+00
3.874781703437249814e+00
3.831189364330040092e+00
3.777520256304640167e+00
3.714122636806150179e+00
3.641419541941659954e+00
3.559906016503060044e+00
3.470145789461770214e+00
3.372767416881159885e+00
3.268459918302260014e+00
3.157967936593289782e+00
3.042086454985729826e+00
2.921655108519699784e+00
2.797552130361430134e+00
2.670687976405590192e+00
2.541998674223600041e+00
2.412438944728370060e+00
2.282975146889230089e+00
2.154578097427319872e+00
2.028215818637019829e+00
1.904846268301340073e+00
1.785410106092760074e+00
1.670823550869559915e+00
1.561971382888380111e+00
1.459700144154240098e+00
1.364811588933320108e+00
1.278056434854669909e+00
1.200128463044910054e+00
1.131659013384380019e+00
1.072574189755729934e+00
1.016997643490070047e+00
9.653769451388339862e-01
9.190298779578119914e-01
8.792870983251549477e-01
8.474931296667039815e-01
8.250085615934370509e-01
8.132135296804200442e-01
8.135125533757799898e-01
8.273408125948730207e-01
8.561719477469730277e-01
9.015274733839550025e-01
9.649879024835239516e-01
1.048205686721380037e+00
1.151646093979999952e+00
1.263858382271199954e+00
1.382875736785249998e+00
1.508118944518650029e+00
1.638935122346020012e+00
1.774604283652710057e+00
1.914346264164910050e+00
2.057327972471239885e+00
2.202670926772429816e+00
2.349459035820649966e+00
2.496746578836690045e+00
2.643566336442690012e+00
2.788937822322130167e+00
2.931875563446309840e+00
3.071397375284540043e+00
3.206532577454209942e+00
3.336330094772019805e+00
3.459866388639420087e+00
3.576253164130450024e+00
3.684644799042379848e+00
3.784245442513590074e+00
3.874315732598310191e+00
3.954179084391860055e+00
4.023227502917180232e+00
4.080926877984910384e+00
4.126821721603969984e+00
4.160539312224339703e+00
4.181793214108309620e+00
4.190386144420590320e+00
4.186212165168799793e+00
4.169258181881179581e+00
4.139604735839870209e+00
4.097426081759359739e+00
4.042989547972659636e+00
3.976654181421450218e+00
3.898868685003209933e+00
3.810168660066110213e+00
3.711173172021459798e+00
3.602580662123859856e+00
3.485164233412370027e+00
3.359766343573510117e+00
3.227292942036700030e+00
3.088707092920170094e+00
2.945022129462750105e+00
2.797294389281320015e+00
2.646615583153729911e+00
2.494104853012849787e+00
2.340900577424830153e+00
2.188151984993529808e+00
2.037010637864269835e+00
1.888621848777880086e+00
1.744116095932479960e+00
1.604600500251549988e+00
1.471150429508359947e+00
1.344801293131479891e+00
1.226540590410660103e+00
1.117300273241409903e+00
1.012691823337229957e+00
9.048347134497990440e-01
7.943785914002059467e-01
6.823561923765479875e-01
5.697667612041089624e-01
4.575693188489449725e-01
3.466765678537450102e-01
2.379494585050969946e-01
1.321924311076350111e-01
3.014934348186399868e-02
-6.749991324664120218e-02
-1.601421132961450000e-01
-2.472327175538459876e-01
-3.282972310028909879e-01
-4.029319145175280226e-01
-4.708038737527929785e-01
-5.316505519258289958e-01
-5.852786569417780527e-01
-6.315625565493789839e-01
-6.704421780118320351e-01
-7.019204511421679449e-01
-7.260603354780620355e-01
-7.429814738616939973e-01
-7.528565157527900009e-01
-7.559071542463700055e-01
-7.523999210019189920e-01
-7.426417831348960386e-01
-7.269755855897950259e-01
-7.057753816270669889e-01
-6.794416928350820450e-01
-6.483967385455130517e-01
-6.130796727103059451e-01
-5.739418642163020001e-01
-5.314422542953229911e-01
-4.860428221578459995e-01
-4.382041872675410121e-01
-3.883813738035289953e-01
-3.370197598566789798e-01
-2.845512308000159862e-01
-2.313905530854729886e-01
-1.779319814732119864e-01
-1.245461094182190032e-01
-7.157696904269850169e-02
-1.933938383046350171e-02
3.188342609346959955e-02
8.184198946847780209e-02
1.303224867474530035e-01
1.771484199743829924e-01
2.221820624342649986e-01
2.653257038051720085e-01
3.065227094522209872e-01
3.457584153364420265e-01
3.830608827708290032e-01
4.185015399472150066e-01
4.521957397907560017e-01
4.843032662819909961e-01
5.150288239395750534e-01
5.446225476943139521e-01
5.733805729303920184e-01
6.016457080478290198e-01
6.298082545402859944e-01
6.583070223165280455e-01
6.876305908590080174e-01
7.183188698500110325e-01
7.509650161507750443e-01
7.862177675389839804e-01
8.247842574534830495e-01
8.674333792192220338e-01
9.149997728969679889e-01
9.683885130929510421e-01
1.028580581852259979e+00
1.096639217231450081e+00
1.168855366162210085e+00
1.240373405912569948e+00
1.311549079467779988e+00
1.382738130162419976e+00
1.454221025663519962e+00
1.526207120850300081e+00
1.598838799115499976e+00
1.672195610837049928e+00
1.746298423573960035e+00
1.821113594586700080e+00
1.896557172569369953e+00
1.972499132007260014e+00
2.048767640343310159e+00
2.125153355143449829e+00
2.201413745703959979e+00
2.277277431039669953e+00
2.352448523931740088e+00
2.426610968701270021e+00
2.499432858609400121e+00
2.570570717266139837e+00
2.639673727158499794e+00
2.706387887381989987e+00
2.770360081880129943e+00
2.831242038953360129e+00
2.888694162497539963e+00
2.942389215361139954e+00
2.992015835366459875e+00
3.037281864916269836e+00
3.077917475695879812e+00
3.113678070771659812e+00
3.144346947370490142e+00
3.169737704789799881e+00
3.189696383223649789e+00
3.204103320779879915e+00
3.212874717597740126e+00
3.215963897735549804e+00
3.213362261370519946e+00
3.205099921820759867e+00
3.191246023946639809e+00
3.171908742596699859e+00
3.147234961915499785e+00
3.117409638509539782e+00
3.082654853652750049e+00
3.043228561890690020e+00
2.999423045550400069e+00
2.951563086766309851e+00
2.900003870673510065e+00
2.845128635381069859e+00
2.787346086203609907e+00
2.727087593383899833e+00
2.664804194168770124e+00
2.600963421591090174e+00
2.536045983646599833e+00
2.470542317731379889e+00
2.404949046204989838e+00
2.339765359762699948e+00
2.275489355928550061e+00
2.212614360412509917e+00
2.151625259304629889e+00
2.092994870105060023e+00
2.037180379409150088e+00
1.984619874680559892e+00
1.935728996953399950e+00
1.890897740513949987e+00
1.850487424621640065e+00
1.814827861149729937e+00
1.784214740662779963e+00
1.758907257911229927e+00
1.739125996021499976e+00
1.725051086808029988e+00
1.716820662641250106e+00
1.714529613188960022e+00
1.718228658121210062e+00
1.727923744548720109e+00
1.743575775566450048e+00
1.765100673816919929e+00
1.792369781488500013e+00
1.825210595641620026e+00
1.863407835228920062e+00
1.906704833663420029e+00
1.954805248308989940e+00
2.007375075839989975e+00
2.064044960061020006e+00
2.124412776507690115e+00
2.188046475987210027e+00
2.254487167177659845e+00
2.323252416501980111e+00
2.393839741744590022e+00
2.465730274297469826e+00
2.538392563521409961e+00
2.611286495498149840e+00
2.683867297440329924e+00
2.755589598230030024e+00
2.825911514973240113e+00
2.894298735101440201e+00
2.960228563419649905e+00
3.023193903596780086e+00
3.082707143921350035e+00
3.138303917700040024e+00
3.189546709456689833e+00
3.236028279088630111e+00
3.277374877351880045e+00
3.313249227467910174e+00
3.343353249260180071e+00
3.367430504032640215e+00
3.385268340377360019e+00
3.396699723233060020e+00
3.401604730795369846e+00
3.399911706285729807e+00
3.391598054102860083e+00
3.376690672489019995e+00
3.355266017525509792e+00
3.327449796006269889e+00
3.293416287506969908e+00
3.253387298747239864e+00
3.207630756115829929e+00
3.156458944971630043e+00
3.100226407026999809e+00
3.039327509742510092e+00
2.974193704194670218e+00
2.905290490301470019e+00
2.833114110585099876e+00
2.758187995797699799e+00
2.681058987722450215e+00
2.602293366266680064e+00
2.522472709575230176e+00
2.442189617298760052e+00
2.362043328338010006e+00
2.282635265343570197e+00
2.204564538972329846e+00
2.128423445380560164e+00
2.054792990663900198e+00
1.984238475931340062e+00
1.917305176428780067e+00
1.854514147599759966e+00
1.796358190196549964e+00
1.743298005534740014e+00
1.695758570726050074e+00
1.654125762234720076e+00
1.618743254393719910e+00
1.589909717599000016e+00
1.567876338786750035e+00
1.552844684503029926e+00
1.544964924417900010e+00
1.544334430529030078e+00
1.550996764566219932e+00
1.564941063266050092e+00
1.586101828255040092e+00
1.614359124284000080e+00
1.649539186515319944e+00
1.691415434503350079e+00
1.739709887446539982e+00
1.794094972254850040e+00
1.854195712984880062e+00
1.919592287276900011e+00
1.989822932599959904e+00
2.064387182397399823e+00
2.142749409645449798e+00
2.224342652913979812e+00
2.308572697767360182e+00
2.394822384284109873e+00
2.482456109622090068e+00
2.570824492929649985e+00
2.659269168508850090e+00
2.747127671994369802e+00
2.833738383426129825e+00
2.918445490472770132e+00
3.000603934715409871e+00
3.079584303829910219e+00
3.154777632712419955e+00
3.225600077076620220e+00
3.291497423811419853e+00
3.351949403421880191e+00
3.406473771171059983e+00
3.454630125096899818e+00
3.496023430879830141e+00
3.530307225572080210e+00
3.557186474457190162e+00
3.576420057770270056e+00
3.587822866658690213e+00
3.591267490581050215e+00
3.586685481309160206e+00
3.574068181791580034e+00
3.553467111335459894e+00
3.524993901843139987e+00
3.488819783176349887e+00
3.445174619089720114e+00
3.394345498551759821e+00
3.336674890629120149e+00
3.272558374424849870e+00
3.202441958807639821e+00
3.126819009823650131e+00
3.046226806715989888e+00
2.961242750375760124e+00
2.872480250778960187e+00
2.780584322512030138e+00
2.686226919833230031e+00
2.590102044837430117e+00
2.492920664171879963e+00
2.395405471375169792e+00
2.298285533267709901e+00
2.202290859897519937e+00
2.108146938327209785e+00
2.016569271038179956e+00
1.928257959909509989e+00
1.843892376607279893e+00
1.764125959791920106e+00
1.689581178816810025e+00
1.620844702555890082e+00
1.558462810667319953e+00
1.502937082983919925e+00
1.454720400827689941e+00
1.414213291887570056e+00
1.381760647896389971e+00
1.357648841703809950e+00
1.342103267491560059e+00
1.335286324833629967e+00
1.337295864088019925e+00
1.348164107242660004e+00
1.367857054850599940e+00
1.396274386103520060e+00
1.433249855433690101e+00
1.478552185332540070e+00
1.531886451351879952e+00
1.592895951544399891e+00
1.661164548927660078e+00
1.736219471949070003e+00
1.817534554416510018e+00
1.904533892966030040e+00
1.996595896891949939e+00
2.093057702088460204e+00
2.193219917970799848e+00
2.296351673584540176e+00
2.401695926684260129e+00
2.508474997400980122e+00
2.615896286227890055e+00
2.723158134456479917e+00
2.829455783903210175e+00
2.933987391791999855e+00
3.035960056008140118e+00
3.134595805620969955e+00
3.229137511590780107e+00
3.318854672934759886e+00
3.403049034316909971e+00
3.481059992057160102e+00
3.552269746909619830e+00
3.616108163634069950e+00
3.672057299368410188e+00
3.719655565089019955e+00
3.758501487004370034e+00
3.788257037547699824e+00
3.808650508697779991e+00
3.819478903641889911e+00
3.820609826275029874e+00
3.811982851684390106e+00
3.793610364567089999e+00
3.765577856447150040e+00
3.728043676565020004e+00
3.681238235380059898e+00
3.625462663723039825e+00
3.561086934732069942e+00
3.488547459770099834e+00
3.408344173523409903e+00
3.321037127392150179e+00
3.227242614070159998e+00
3.127628849848029802e+00
3.022911244630340111e+00
2.913847292909109932e+00
2.801231121953749792e+00
2.685887736240899937e+00
2.568666999633990145e+00
2.450437399010790163e+00
2.332079634906389920e+00
2.214480086283749927e+00
2.098524197736709951e+00
1.985089838271020035e+00
1.875040681286149979e+00
1.769219655487239917e+00
1.668442516190810077e+00
1.573491585850560037e+00
1.485109711623429973e+00
1.403994486425979904e+00
1.330792778202920079e+00
1.266095610062540011e+00
1.210433431529789994e+00
1.164271818453360030e+00
1.128007636091370003e+00
1.101965696613919965e+00
1.085370480706280061e+00
1.077852905963700092e+00
1.080893289034819960e+00
1.096065270607659903e+00
1.123605986732989948e+00
1.161721801313770008e+00
1.210100129609660069e+00
1.268442488995380035e+00
1.336373330132170079e+00
1.413442507085769906e+00
1.499128313853089978e+00
1.592841068085310008e+00
1.693927218546279923e+00
1.801673948752950061e+00
1.915314245343999966e+00
2.034032396034060053e+00
2.156969878574760191e+00
2.283231598977959909e+00
2.411892434389160123e+00
2.542004033453010070e+00
2.672601824809819782e+00
2.802712182518209971e+00
2.931359695729720105e+00
3.057574488860910211e+00
3.180399537830239876e+00
3.298897927646850192e+00
3.412159996775519843e+00
3.519310314246450133e+00
3.619514436431160220e+00
3.711985391763709785e+00
3.795989843440290112e+00
3.870853882267930146e+00
3.935968404341069871e+00
3.990794031086779992e+00
4.034865532417409639e+00
4.067795717235410002e+00
4.089278759332289681e+00
4.099092930778890143e+00
4.097102719190970355e+00
4.083260309741760352e+00
4.057606417448250014e+00
4.020270460046670102e+00
3.971470066659859910e+00
3.911509922409500017e+00
3.840779954100359994e+00
3.759752867068979931e+00
3.668981048202959894e+00
3.569092854966149808e+00
3.460788314971619872e+00
3.344834265192309974e+00
3.222058964252810132e+00
3.093346215372620112e+00
2.959629041399430172e+00
2.821882956949759880e+00
2.681118885930649842e+00
2.538375775636199982e+00
2.394712961156939990e+00
2.251202335999160198e+00
2.108920386563209792e+00
1.968940149458489941e+00
1.832323151525470095e+00
1.700111392884990025e+00
1.573319433336189954e+00
1.452926641972849930e+00
1.339869668982109907e+00
1.235035197243860017e+00
1.139253029557599994e+00
1.051691822104050100e+00
9.635630045741999661e-01
8.750916527221309638e-01
7.874208373199099720e-01
7.016783243554689520e-01
6.189725939065100491e-01
5.403897034070039851e-01
4.669910379133179745e-01
3.998119866619879725e-01
3.398615823600150132e-01
2.881231373422810105e-01
2.455559090378519882e-01
2.130978261797560058e-01
1.916693069439540098e-01
1.821782007870559883e-01
1.855258872428399985e-01
2.026145674105619965e-01
2.343557874034229993e-01
2.816802377051659811e-01
3.455488782924279745e-01
4.269654466127100201e-01
5.269904141588119817e-01
6.467564675556749521e-01
7.874856018895729504e-01
9.505079275856399557e-01
1.136397621144330072e+00
1.328998509725499932e+00
1.518747310106749904e+00
1.705313405108410008e+00
1.888292513637140013e+00
2.067217608956439800e+00
2.241569649170660039e+00
2.410788100480029783e+00
2.574281229852239949e+00
2.731436140460259843e+00
2.881628520546029915e+00
3.024232074271319792e+00
3.158627601602490120e+00
3.284211693313059843e+00
3.400405006779180006e+00
3.506660088353399818e+00
3.602468708716739965e+00
3.687368678703769831e+00
3.760950114646159914e+00
3.822861124258130072e+00
3.872812886463130155e+00
3.910584101307689853e+00
3.936024789191619799e+00
3.949059422027250132e+00
3.949689372595110104e+00
3.937994672247529859e+00
3.914135071190469883e+00
3.878350399809309845e+00
3.830960233856560038e+00
3.772362870749970121e+00
3.703033628698670032e+00
3.623522484844659886e+00
3.534451073034610147e+00
3.436509066190250206e+00
3.330449972480570064e+00
3.217086378582520112e+00
3.097284677214250159e+00
2.971959319800829835e+00
2.842066638554059832e+00
2.708598285388169824e+00
2.572574337922699961e+00
2.435036125318760014e+00
2.297038828826039936e+00
2.159643913679389904e+00
2.023911450341049800e+00
1.890892384037430096e+00
1.761620812070300079e+00
1.637106328486110041e+00
1.518326495356359995e+00
1.406219499159409914e+00
1.301677049561090094e+00
1.205537576272240008e+00
1.118579777623120108e+00
1.038041319491999959e+00
9.575772352045299751e-01
8.779295835749539867e-01
8.002739980047770540e-01
7.257766060464739821e-01
6.555913267144339862e-01
5.908580974128919694e-01
5.327020798174699756e-01
4.822338920352829961e-01
4.405509129562870108e-01
4.087397039835520274e-01
3.878795933682480102e-01
3.790474692679219881e-01
3.833238294786420197e-01
4.018001386528959884e-01
4.355875477998210066e-01
4.858270360705549962e-01
5.537010413613839832e-01
6.404466542295059739e-01
7.473704591306500333e-01
8.758651181733170255e-01
1.027427805583690068e+00
1.200094135536079909e+00
1.374947476566019899e+00
1.549857980787040068e+00
1.724332134347960066e+00
1.897806364277760061e+00
2.069657001956609843e+00
2.239210221370759868e+00
2.405751923296640005e+00
2.568537532845020177e+00
2.726801674659399932e+00
2.879767687483619998e+00
3.026656937794019786e+00
3.166697890724849973e+00
3.299134895593800021e+00
3.423236642944239794e+00
3.538304250149700181e+00
3.643678933259869801e+00
3.738749223891260076e+00
3.822957691548579895e+00
3.895807133797410060e+00
3.956866199158179942e+00
4.005774410433310173e+00
4.042246559384939708e+00
4.066076447217930045e+00
4.077139949158159915e+00
4.075397385514800241e+00
4.060895185942420049e+00
4.033766838135660393e+00
3.994233116856470200e+00
3.942601593974309981e+00
3.879265435050740063e+00
3.804701492882470060e+00
3.719467713291430222e+00
3.624199873273670214e+00
3.519607676353960102e+00
3.406470234599929814e+00
3.285630971190950156e+00
3.157991981671170123e+00
3.024507896019230202e+00
2.886179287391859916e+00
2.744045676823160029e+00
2.599178186254690104e+00
2.452671895005220204e+00
2.305637957138960026e+00
2.159195539138730080e+00
2.014463638817010072e+00
1.872552847487990002e+00
1.734557118061470060e+00
1.601545601909579952e+00
1.474554617078029928e+00
1.354579809676659918e+00
1.242568569087330044e+00
1.139412755975830027e+00
1.043817400450439914e+00
9.464260165427490490e-01
8.474121057528509748e-01
7.478641587449710304e-01
6.488472166151969533e-01
5.513974281464519844e-01
4.565173422019159766e-01
3.651719681638179726e-01
2.782856324320229779e-01
1.967396544124909996e-01
1.213708612082179950e-01
5.297095643258219883e-02
-7.713244748306310322e-03
-5.997870501940189697e-02
-1.031641716421080046e-01
-1.366472949399230030e-01
-1.598408538686449942e-01
-1.721880841490230074e-01
-1.731571038168659982e-01
-1.622344295989600060e-01
-1.389175752042499934e-01
-1.027067193792060018e-01
-5.309542736404789659e-02
1.043959585067829980e-02
8.844974838918530369e-02
1.815268058616260061e-01
2.903162713011350204e-01
4.155318546846579753e-01
5.579711473775580410e-01
7.185325696186469768e-01
8.982336834949919968e-01
1.098230979855890022e+00
1.304890037775229938e+00
1.503426458405890065e+00
1.693855199084999930e+00
1.876156704214120063e+00
2.050246692917330193e+00
2.215987303595869928e+00
2.373197760309909921e+00
2.521664559753840074e+00
2.661151174147999843e+00
2.791407262550400059e+00
2.912177380868549825e+00
3.023209179196619800e+00
3.124261073992450122e+00
3.215109382001029914e+00
3.295554902713549783e+00
3.365428936480249877e+00
3.424598726146709904e+00
3.472972311224749919e+00
3.510502785109129942e+00
3.537191947675510040e+00
3.553093347711219874e+00
3.558314712005940184e+00
3.553019760528360216e+00
3.537429409902939970e+00
3.511822370344940047e+00
3.476535144275159972e+00
3.431961437984590191e+00
3.378551000919760128e+00
3.316807910375980217e+00
3.247288322585919929e+00
3.170597714342509921e+00
3.087387642365929885e+00
2.998352050581179817e+00
2.904223158293219864e+00
2.805766964893420035e+00
2.703778409185900067e+00
2.599076223656520135e+00
2.492497526000819974e+00
2.384892191955790164e+00
2.277117054930799966e+00
2.170029979085950078e+00
2.064483853350819853e+00
1.961320554395910021e+00
1.861364926766990058e+00
1.765418828248340066e+00
1.674255288043350109e+00
1.588612824544799906e+00
1.509189968315379993e+00
1.436640034416259981e+00
1.371566186417249922e+00
1.314516832305929972e+00
1.265981390097649983e+00
1.226386458247129996e+00
1.196092422998970006e+00
1.175390531600529975e+00
1.164500456864620004e+00
1.163568374932230087e+00
1.172665574272599986e+00
1.191787609996620034e+00
1.220854013478640088e+00
1.259708563109680046e+00
1.308120117772110014e+00
1.365784010364879952e+00
1.432323994446730087e+00
1.507294732838819984e+00
1.590184812866100028e+00
1.680420268850300047e+00
1.777368588527840076e+00
1.880343176283759909e+00
1.988608242495730094e+00
2.101384084898060056e+00
2.217852724730200009e+00
2.337163857557710056e+00
2.458441076056220087e+00
2.580788319767359784e+00
2.703296504875949857e+00
2.825050285441930153e+00
2.945134896261050184e+00
3.062643026638100174e+00
3.176681673841589948e+00
3.286378924875620111e+00
3.390890615456620072e+00
3.489406815723270050e+00
3.581158093224449779e+00
3.665421505129780044e+00
3.741526273372150158e+00
3.808859098553320166e+00
3.866869070908910189e+00
3.915072139421650110e+00
3.953055103269409898e+00
3.980479093178470151e+00
3.997082513898139844e+00
4.002683422894289578e+00
3.997181324447289796e+00
3.980558362607649947e+00
3.952879900876439923e+00
3.914294481006240112e+00
3.865033157929170127e+00
3.805408212476280028e+00
3.735811248222349779e+00
3.656710683438680221e+00
3.568648653727959807e+00
3.472237345411969933e+00
3.368154784118199796e+00
3.257140107222590064e+00
3.139988352826549978e+00
3.017544801744460159e+00
2.890698912522810193e+00
2.760377892774939834e+00
2.627539953072150158e+00
2.493167292258669843e+00
2.358258865333310084e+00
2.223822986939609780e+00
2.090869825027000140e+00
1.960403840357689997e+00
1.833416228235650092e+00
1.710877419125240051e+00
1.593729694682080034e+00
1.482879975160680042e+00
1.379192833176090094e+00
1.283483787395589992e+00
1.196512927926050018e+00
1.118978922950599975e+00
1.048785176596439994e+00
9.802606122786770015e-01
9.141998171541829699e-01
8.518491692503700197e-01
7.944560673271330309e-01
7.432681104764119473e-01
6.995333483521130047e-01
6.645016639118740409e-01
6.394273505703890192e-01
6.255729464896789827e-01
6.242143904680770294e-01
6.366475666352889862e-01
6.641963090277920312e-01
7.082219422171579515e-01
7.701344406129480014e-01
8.514052969870620213e-01
9.535822003020969495e-01
1.078305634214240083e+00
1.219757730458689959e+00
1.365977226013600054e+00
1.515917332951769891e+00
1.668966936989279892e+00
1.824445720415009964e+00
1.981612577603270031e+00
2.139674212209710102e+00
2.297793880183319981e+00
2.455100239058150002e+00
2.610696260797610080e+00
2.763668162766140135e+00
2.913094309208219990e+00
3.058054033912649849e+00
3.197636333551559851e+00
3.330948380496709937e+00
3.457123803720850042e+00
3.575330686704549787e+00
3.684779232053749798e+00
3.784729043798889858e+00
3.874495980065030043e+00
3.953458530962879802e+00
4.021063679133259683e+00
4.076832203350599926e+00
4.120363388941510330e+00
4.151339112464579983e+00
4.169527272097930393e+00
4.174784539466640076e+00
4.167058413167760378e+00
4.146388558988680195e+00
4.112907426722769877e+00
4.066840138528410087e+00
4.008503648911130313e+00
3.938305181597030025e+00
3.856739953764459994e+00
3.764388203269410038e+00
3.661911539603739829e+00
3.550048644311739832e+00
3.429610351433579840e+00
3.301474143194469857e+00
3.166578100586340039e+00
3.025914352655449946e+00
2.880522072177280180e+00
2.731480068949680096e+00
2.579899035122190210e+00
2.426913499784680184e+00
2.273673552447189827e+00
2.121336397009700114e+00
1.971057799356729978e+00
1.823983492779410076e+00
1.681240606031539908e+00
1.543929178950520065e+00
1.413113830213400091e+00
1.289815640964220078e+00
1.175004316728730069e+00
1.068873228730200076e+00
9.620729392000230140e-01
8.519793979715080123e-01
7.396349168886500181e-01
6.260515124160610512e-01
5.122037013806870487e-01
3.990219104123949867e-01
2.873865235244950078e-01
1.781225856406850050e-01
7.199517335847829824e-02
-3.029456210643489966e-02
-1.281126809779989939e-01
-2.208950770525379970e-01
-3.081494485769579739e-01
-3.894566358355999736e-01
-4.644713483622939787e-01
-5.329223092924699756e-01
-5.946118485987630375e-01
-6.494149807942289909e-01
-6.972780061425649656e-01
-7.382166774760029471e-01
-7.723139773892130355e-01
-7.997175528657110011e-01
-8.206368563017759632e-01
-8.353400434432189936e-01
-8.441506799559550522e-01
-8.474443092353519669e-01
-8.456449346459029570e-01
-8.392214696989259703e-01
-8.286842097542089780e-01
-8.145813787037939901e-01
-7.974958038008089778e-01
-7.780417713706929694e-01
-7.568621156295090024e-01
-7.346255922769300284e-01
-7.120245879770999986e-01
-6.897732163368499592e-01
-6.686058505873849755e-01
-6.492761429275289986e-01
-6.325565804459180042e-01
-6.192386277650779869e-01
-6.101335071023890055e-01
-6.060736673806790265e-01
-6.079149954131289890e-01
-6.165398240988509970e-01
-6.328607950697290319e-01
-6.578256364005540258e-01
-6.924229199139509960e-01
-7.376888673625859871e-01
-7.947152804451019792e-01
-8.646586763073279558e-01
-9.487507179955769754e-01
-1.048310038385450005e+00
-1.162826864634000090e+00
-1.279725732980689923e+00
-1.397746104103120057e+00
-1.516769351247239994e+00
-1.636602957836639893e+00
-1.756987251414660056e+00
-1.877602185013049985e+00
-1.998074157937800077e+00
-2.117982863936899829e+00
-2.236868151088020173e+00
-2.354236874496200116e+00
-2.469569720039729965e+00
-2.582327974938079862e+00
-2.691960218841900065e+00
-2.797908907463579897e+00
-2.899616819463960216e+00
-2.996533336396180136e+00
-3.088120524967460145e+00
-3.173858990702099980e+00
-3.253253472281340208e+00
-3.325838146367829928e+00
-3.391181613597030076e+00
-3.448891537612030156e+00
-3.498618910520260084e+00
-3.540061919943770175e+00
-3.572969394894879969e+00
-3.597143810022620070e+00
-3.612443830316300009e+00
-3.618786381096069871e+00
-3.616148231048569972e+00
-3.604567079145370112e+00
-3.584142139492219936e+00
-3.555034221468170053e+00
-3.517465305899090122e+00
-3.471717621440450152e+00
-3.418132228793029803e+00
-3.357107123812559824e+00
-3.289094873970729971e+00
-3.214599805959049927e+00
-3.134174765460500112e+00
-3.048417473232159836e+00
-2.957966504607750124e+00
-2.863496922331319805e+00
-2.765715595232610013e+00
-2.665356237642650061e+00
-2.563174206600930205e+00
-2.459941095797249844e+00
-2.356439166818140141e+00
-2.253455659605379857e+00
-2.151777025072190153e+00
-2.052183123556449829e+00
-1.955441433201120072e+00
-1.862301312450449942e+00
-1.773488360614410064e+00
-1.689698919897979934e+00
-1.611594761414220089e+00
-1.539797996497199950e+00
-1.474886253122899893e+00
-1.417388155431519969e+00
-1.367779142239569978e+00
-1.326477658049550090e+00
-1.293841747420410027e+00
-1.270166080679189902e+00
-1.255679435843159997e+00
-1.250542658314210076e+00
-1.254847116420330089e+00
-1.268613667240209963e+00
-1.291792143382169966e+00
-1.324261367525219946e+00
-1.365829697596379955e+00
-1.416236101482829968e+00
-1.475151756191869890e+00
-1.542182162400340006e+00
-1.616869761415459905e+00
-1.698697037724550052e+00
-1.787090086571279990e+00
-1.881422622395310107e+00
-1.981020400529730052e+00
-2.085166021299070138e+00
-2.193104082624580009e+00
-2.304046644442370173e+00
-2.417178965705189864e+00
-2.531665472475590040e+00
-2.646655913664500037e+00
-2.761291659325019854e+00
-2.874712095095639963e+00
-2.986061065418249783e+00
-3.094493317531520127e+00
-3.199180897974999827e+00
-3.299319453435630045e+00
-3.394134388222649790e+00
-3.482886831477760126e+00
-3.564879368394540116e+00
-3.639461491248780156e+00
-3.706034727900359815e+00
-3.764057407615700068e+00
-3.813049026563950061e+00
-3.852594178135670067e+00
-3.882346016307010039e+00
-3.902029223601629848e+00
-3.911442458761340113e+00
-3.910460263002499826e+00
-3.899034407678169778e+00
-3.877194670261059795e+00
-3.845049029775020166e+00
-3.802783277106819959e+00
-3.750660039989540007e+00
-3.689017226834510055e+00
-3.618265897966749911e+00
-3.538887577154659958e+00
-3.451431020590079779e+00
-3.356508464629550215e+00
-3.254791377632530125e+00
-3.147005745080500017e+00
-3.033926920816099937e+00
-2.916374080670970148e+00
-2.795204317921490045e+00
-2.671306422909950129e+00
-2.545594391761699882e+00
-2.419000711398690218e+00
-2.292469469981349928e+00
-2.166949343477920120e+00
-2.043386510266739897e+00
-1.922717546488410090e+00
-1.805862355293190058e+00
-1.693717183161969952e+00
-1.587147776107250108e+00
-1.486982727797989901e+00
-1.394007070491859901e+00
-1.308956158109989998e+00
-1.232509888866029968e+00
-1.165287312567139910e+00
-1.107841665067859971e+00
-1.058044140368799901e+00
-1.012683366208469993e+00
-9.729245978299080333e-01
-9.401378907467190515e-01
-9.157141396372070474e-01
-9.010678583103850503e-01
-8.976412903668730126e-01
-9.069099356156390401e-01
-9.303895811877309630e-01
-9.696449313658139779e-01
-1.026299936554589953e+00
-1.101998109091649969e+00
-1.191874988983359973e+00
-1.290018249338920064e+00
-1.395922856600390061e+00
-1.509006790302670042e+00
-1.628616386588449982e+00
-1.754032126721770002e+00
-1.884474840034420007e+00
-2.019112286560269975e+00
-2.157066080762629845e+00
-2.297418914241810217e+00
-2.439222032152919883e+00
-2.581502915296370215e+00
-2.723273117467289950e+00
-2.863536205692729819e+00
-3.001295749456140083e+00
-3.135563303912820121e+00
-3.265366331455270110e+00
-3.389756005779120063e+00
-3.507814842855069948e+00
-3.618664103904389862e+00
-3.721470916609829871e+00
-3.815455062367529848e+00
-3.899895379373170101e+00
-3.974135733734930120e+00
-4.037590513594020436e+00
-4.089749604388959625e+00
-4.130182806904770132e+00
-4.158543663567759729e+00
-4.174572662565240400e+00
-4.178099793744260104e+00
-4.169046434849899896e+00
-4.147426551465549949e+00
-4.113347198977219676e+00
-4.067008319967610142e+00
-4.008701835611799602e+00
-3.938810034859370202e+00
-3.857803270403569851e+00
-3.766236975625009809e+00
-3.664748021805710021e+00
-3.554050439906999870e+00
-3.434930536054720207e+00
-3.308241434529879843e+00
-3.174897086499270049e+00
-3.035865786894509810e+00
-2.892163245728339938e+00
-2.744845263697940130e+00
-2.595000065126619848e+00
-2.443740344130540088e+00
-2.292195082317479926e+00
-2.141501198330740152e+00
-1.992795091119549999e+00
-1.847204139923130040e+00
-1.705838224606039955e+00
-1.569781330155890053e+00
-1.440083298850979965e+00
-1.317751792830349933e+00
-1.203744528542100012e+00
-1.098939065803560045e+00
-9.970255677584249909e-01
-8.920793667244070191e-01
-7.851719889142280140e-01
-6.773500126059609494e-01
-5.696283196528370008e-01
-4.629839987467689877e-01
-3.583509306416859941e-01
-2.566150795383519978e-01
-1.586105090011120100e-01
-6.511613518638789677e-02
2.314677515852819889e-02
1.055163594563300056e-01
1.813911689704230112e-01
2.502304397532009728e-01
3.115536350075259753e-01
3.649392722913999965e-01
4.100230517835909971e-01
4.464953040801939999e-01
4.740977776895000106e-01
4.926197875062789944e-01
5.018937460659620431e-01
5.017900992783560499e-01
4.922116876080280257e-01
4.730875522886400231e-01
4.443662041153509934e-01
4.060083696407619791e-01
3.579792261892950078e-01
3.002401329888069736e-01
2.327398608759730092e-01
1.554053174507490087e-01
6.813175820374389735e-02
-2.922753300051990008e-02
-1.368721186627969988e-01
-2.550658710137880258e-01
-3.841490671278389724e-01
-5.245511695824880416e-01
-6.768043581442370060e-01
-8.415578907167390321e-01
-1.019593385706889954e+00
-1.207922481448520102e+00
-1.386045899281699967e+00
-1.552646987100239961e+00
-1.708228521803170086e+00
-1.853221710733810035e+00
-1.987996145516820024e+00
-2.112869097176130140e+00
-2.228114180888390194e+00
-2.333969414815149968e+00
-2.430644694108909931e+00
-2.518328698347770178e+00
-2.597195248306710003e+00
-2.667409126066429881e+00
-2.729131370968830073e+00
-2.782524062821880140e+00
-2.827754602995419919e+00
-2.864999503611040055e+00
-2.894447694879779931e+00
-2.916303360751490104e+00
-2.930788313383379862e+00
-2.938143917480529943e+00
-2.938632576285920006e+00
-2.932538791870200168e+00
-2.920169813368690193e+00
-2.901855887909340126e+00
-2.877950130145269902e+00
-2.848828027525950102e+00
-2.814886599688060098e+00
-2.776543231600599793e+00
-2.734234201333650027e+00
-2.688412924522950220e+00
-2.639547938745700151e+00
-2.588120652095780017e+00
-2.534622881230029989e+00
-2.479554205033370096e+00
-2.423419160809990203e+00
-2.366724310535070153e+00
-2.309975205184830127e+00
-2.253673275496189898e+00
-2.198312677676899973e+00
-2.144377122594689933e+00
-2.092336716804629848e+00
-2.042644843432460000e+00
-1.995735110414170066e+00
-1.952018392894530052e+00
-1.911879995717510106e+00
-1.875676960898289947e+00
-1.843735543754529971e+00
-1.816348880003209931e+00
-1.793774864600939933e+00
-1.776234261435480022e+00
-1.763909061167010073e+00
-1.756941102587570080e+00
-1.755430970824779946e+00
-1.759437183574769969e+00
-1.768975674326499936e+00
-1.784019579246830078e+00
-1.804499332051610061e+00
-1.830303068807600075e+00
-1.861277342210750030e+00
-1.897228142484550073e+00
-1.937922219656450062e+00
-1.983088699617510109e+00
-2.032420984066409808e+00
-2.085578922203930041e+00
-2.142191239891139798e+00
-2.201858209932070043e+00
-2.264154545205309788e+00
-2.328632494561409860e+00
-2.394825119742280073e+00
-2.462249730070570131e+00
-2.530411450323189815e+00
-2.598806896045700032e+00
-2.666927929595300117e+00
-2.734265469431799822e+00
-2.800313324607480059e+00
-2.864572026049520215e+00
-2.926552626083770203e+00
-2.985780437717270086e+00
-3.041798685483450004e+00
-3.094172040149619995e+00
-3.142490010299479941e+00
-3.186370164719449782e+00
-3.225461160635399782e+00
-3.259445554160179892e+00
-3.288042370808689885e+00
-3.311009415609489803e+00
-3.328145304177379860e+00
-3.339291198096180135e+00
-3.344332230082479818e+00
-3.343198606642530102e+00
-3.335866378281540090e+00
-3.322357869758159943e+00
-3.302741765380869943e+00
-3.277132846897670149e+00
-3.245691384117950218e+00
-3.208622181005670093e+00
-3.166173282577060100e+00
-3.118634350504580155e+00
-3.066334717850600189e+00
-3.009641135815050106e+00
-2.948955227754519903e+00
-2.884710668004930145e+00
-2.817370105195629915e+00
-2.747421851759990208e+00
-2.675376363216220188e+00
-2.601762532492339908e+00
-2.527123826089459957e+00
-2.452014290206140146e+00
-2.376994456069000172e+00
-2.302627174629429785e+00
-2.229473411472940203e+00
-2.158088033251920113e+00
-2.089015617183959783e+00
-2.022786315151599901e+00
-1.959911803699770028e+00
-1.900881350750710075e+00
-1.846158029144729928e+00
-1.796175106177400060e+00
-1.751332637138339976e+00
-1.711994289480299969e+00
-1.678484422658550024e+00
-1.651085446899289932e+00
-1.630035482190109963e+00
-1.615526336648019923e+00
-1.607701821130409936e+00
-1.606656414523859988e+00
-1.612434291594530000e+00
-1.625028722630390110e+00
-1.644381851367969993e+00
-1.670384854896169946e+00
-1.702878486385950074e+00
-1.741653998630759981e+00
-1.786454443516559909e+00
-1.836976339697470095e+00
-1.892871697951499899e+00
-1.953750390953540084e+00
-2.019182851550750168e+00
-2.088703081077230017e+00
-2.161811946824359953e+00
-2.237980745500579793e+00
-2.316655007399889943e+00
-2.397258514057989842e+00
-2.479197500427300138e+00
-2.561865011066760012e+00
-2.644645378522609835e+00
-2.726918790990179975e+00
-2.808065915502469867e+00
-2.887472542292340183e+00
-2.964534215635549863e+00
-3.038660816392740216e+00
-3.109281061648319966e+00
-3.175846887278769959e+00
-3.237837679975459793e+00
-3.294764326199319804e+00
-3.346173046739839840e+00
-3.391648986990900116e+00
-3.430819534726969877e+00
-3.463357339053569905e+00
-3.488983006305720114e+00
-3.507467450957700184e+00
-3.518633882077200070e+00
-3.522359408483609844e+00
-3.518576248537209850e+00
-3.507272533374619972e+00
-3.488492695392340082e+00
-3.462337436845280170e+00
-3.428963276546079797e+00
-3.388581675803110205e+00
-3.341457747893120001e+00
-3.287908558510929780e+00
-3.228301027742249918e+00
-3.163049447149000049e+00
-3.092612628515199802e+00
-3.017490703648769923e+00
-2.938221597355219927e+00
-2.855377198267050165e+00
-2.769559254608449983e+00
-2.681395024183160114e+00
-2.591532709869389883e+00
-2.500636713685150170e+00
-2.409382744020419853e+00
-2.318452811919410106e+00
-2.228530153321980123e+00
-2.140294114922619784e+00
-2.054415041782220008e+00
-1.971549205018509943e+00
-1.892333807805079982e+00
-1.817382107528390023e+00
-1.747278691281539897e+00
-1.682574940927779927e+00
-1.623784722736079988e+00
-1.571380335096999925e+00
-1.525788746073359903e+00
-1.487388150536069986e+00
-1.456504874401139960e+00
-1.433410651029390026e+00
-1.418320292195019983e+00
-1.411389773192639918e+00
-1.412714748652529995e+00
-1.422329512495640103e+00
-1.440206412201999964e+00
-1.466255724216440015e+00
-1.500325993895639920e+00
-1.542204839937189931e+00
-1.591620219750079945e+00
-1.648242148751720038e+00
-1.711684863138009938e+00
-1.781509412291649941e+00
-1.857226663702449931e+00
-1.938300700086220019e+00
-2.024152585343579780e+00
-2.114164473110129894e+00
-2.207684028938869947e+00
-2.304029134653330146e+00
-2.402492841124149958e+00
-2.502348533679669806e+00
-2.602855272576740209e+00
-2.703263269442560013e+00
-2.802819459373710131e+00
-2.900773127439950194e+00
-2.996381547716929994e+00
-3.088915592651590103e+00
-3.177665270558950095e+00
-3.261945149364459784e+00
-3.341099625332229817e+00
-3.414507996460229844e+00
-3.481589301473030140e+00
-3.541806886888189787e+00
-3.594672666471930178e+00
-3.639751039510689790e+00
-3.676662436705500081e+00
-3.705086465118640149e+00
-3.724764626453279881e+00
-3.735502586008399906e+00
-3.737171972896140115e+00
-3.729711695518440173e+00
-3.713128759847169835e+00
-3.687498581711420087e+00
-3.652964788040579780e+00
-3.609738505815600185e+00
-3.558097141313179890e+00
-3.498382656061219897e+00
-3.430999349731719938e+00
-3.356411163945610010e+00
-3.275138524630819781e+00
-3.187754744127799800e+00
-3.094882007648819933e+00
-2.997186971946240064e+00
-2.895376007097210103e+00
-2.790190115157430206e+00
-2.682399562035009843e+00
-2.572798261280639931e+00
-2.462197950559219972e+00
-2.351422203336460015e+00
-2.241300319779710115e+00
-2.132661142012690192e+00
-2.026326839671320101e+00
-1.923106712178680011e+00
-1.823791054277029922e+00
-1.729145131135060076e+00
-1.639903308770989998e+00
-1.556763384614189949e+00
-1.480381161770609966e+00
-1.411365308960210063e+00
-1.350272546181469968e+00
-1.297603193930199961e+00
-1.253797121277459903e+00
-1.219230125311999924e+00
-1.194210771392419934e+00
-1.178977720360500081e+00
-1.173697565355199979e+00
-1.178463197170340093e+00
-1.193292713238460090e+00
-1.218128881330069913e+00
-1.252839164959349993e+00
-1.297216313314730085e+00
-1.350979514317379948e+00
-1.413776105181739906e+00
-1.485183830645570024e+00
-1.564713634876850001e+00
-1.651812968992599995e+00
-1.745869592162899941e+00
-1.846215840454590085e+00
-1.952133333927460024e+00
-2.062858089051640142e+00
-2.177586000300359981e+00
-2.295478651813489979e+00
-2.415669417341300029e+00
-2.537269804297820119e+00
-2.659375995680719917e+00
-2.781075541889510117e+00
-2.901454153091730159e+00
-3.019602541766409853e+00
-3.134623264412379928e+00
-3.245637511138840026e+00
-3.351791791972190016e+00
-3.452264469214319842e+00
-3.546272086067789875e+00
-3.633075443007209859e+00
-3.711985375001289889e+00
-3.782368184686260015e+00
-3.843650688926870007e+00
-3.895324838869929973e+00
-3.936951876580689902e+00
-3.968165994625649784e+00
-3.988677468511450108e+00
-3.998275235679180195e+00
-3.996828898760270032e+00
-3.984290134995890131e+00
-3.960693498075050112e+00
-3.926156603127589850e+00
-3.880879690180529806e+00
-3.825144566020690196e+00
-3.759312929063729936e+00
-3.683824086479199789e+00
-3.599192077426020209e+00
-3.506002220777019840e+00
-3.404907110124749892e+00
-3.296622083121989899e+00
-3.181920196300020098e+00
-3.061626740376719891e+00
-2.936613334698699784e+00
-2.807791642825999912e+00
-2.676106754328050119e+00
-2.542530280605499904e+00
-2.408053214952050158e+00
-2.273678609104210047e+00
-2.140414120185469837e+00
-2.009264483206400165e+00
-1.881223965142819976e+00
-1.757268857045910071e+00
-1.638350060657709939e+00
-1.525385825602100009e+00
-1.419254692388749906e+00
-1.320788695224399900e+00
-1.230766876966870038e+00
-1.149909166497040003e+00
-1.078372197160490042e+00
-1.010017760770169915e+00
-9.437182521114679812e-01
-8.807236700715920241e-01
-8.222863989091320214e-01
-7.696600871673769939e-01
-7.240995805350599612e-01
-6.868619715872059661e-01
-6.592088291859270477e-01
-6.424096709495840107e-01
-6.377467437097159575e-01
-6.465211793692430264e-01
-6.700605971630619884e-01
-7.097282281118000302e-01
-7.669336435732519996e-01
-8.431451773540710182e-01
-9.399041399836769450e-01
-1.058840934610669970e+00
-1.196794953661469929e+00
-1.340277180040269966e+00
-1.487790091793190106e+00
-1.638730997377960019e+00
-1.792426648639489972e+00
-1.948141510553460076e+00
-2.105086230506000078e+00
-2.262426271655880061e+00
-2.419290671179029850e+00
-2.574780880915549908e+00
-2.727979645148820076e+00
-2.877959867949820172e+00
-3.023793420716290203e+00
-3.164559839242110151e+00
-3.299354858846040184e+00
-3.427298735796279860e+00
-3.547544303458590065e+00
-3.659284712272159901e+00
-3.761760803815540122e+00
-3.854268070835599858e+00
-3.936163157171149951e+00
-4.006869853986589902e+00
-4.065884551613420328e+00
-4.112781109562120285e+00
-4.147215110875060340e+00
-4.168927470926830026e+00
-4.177747374997210272e+00
-4.173594523417300195e+00
-4.156480667784239635e+00
-4.126510426615469740e+00
-4.083881373833509798e+00
-4.028883398595340282e+00
-3.961897340168750059e+00
-3.883392906766280017e+00
-3.793925892442850056e+00
-3.694134711294689843e+00
-3.584736273231719839e+00
-3.466521230493710082e+00
-3.340348628795120067e+00
-3.207140001488410164e+00
-3.067872949386539982e+00
-2.923574252849760136e+00
-2.775312566391679781e+00
-2.624190749354990082e+00
-2.471337889139070043e+00
-2.317901075979889924e+00
-2.165036990387950055e+00
-2.013903366015980190e+00
-1.865650391930439911e+00
-1.721412119004269936e+00
-1.582297935411429934e+00
-1.449384175984619993e+00
-1.323705929500480050e+00
-1.206249106772119939e+00
-1.097896008329710016e+00
-9.920015010528260291e-01
-8.824932178300279872e-01
-7.704196243720380366e-01
-6.568008363913609982e-01
-5.426212195936920279e-01
-4.288225932955799791e-01
-3.162980637865019928e-01
-2.058865068587490132e-01
-9.836771233564380046e-02
5.541803000039739573e-03
1.051923139191049961e-01
2.000037425435290117e-01
2.894678630042609724e-01
3.731498719742599723e-01
4.506893472007549861e-01
5.218006209281520480e-01
5.862725995091909725e-01
6.439680645324420416e-01
6.948224944481909970e-01
7.388424489394059824e-01
7.761035611739359741e-01
8.067481855829200521e-01
8.309827509540630430e-01
8.490748704223219923e-01
8.613502613981079969e-01
8.681895296203689938e-01
8.700248723825370067e-01
8.673367565820879754e-01
8.606506276226959518e-01
8.505337053862229713e-01
8.375919235294779774e-01
8.224670682882789796e-01
8.058341728345760346e-01
7.883992230765309861e-01
7.708972306680930142e-01
7.540907289548760550e-01
7.387687476824289501e-01
7.257463225896779724e-01
7.158645965636879493e-01
7.099915699076440045e-01
7.090235585358289905e-01
7.138874206301429881e-01
7.255436145445379736e-01
7.449901536046169559e-01
7.732675270023330327e-01
8.114646603167730010e-01
8.607259943953600168e-01
9.222597675032599973e-01
9.973475929022429520e-01
1.087355432461780014e+00
1.188003746365059898e+00
1.291328968227259955e+00
1.396973681359449992e+00
1.504800979800990035e+00
1.614601288576370086e+00
1.726098353065719904e+00
1.838955344282529936e+00
1.952781070901560057e+00
2.067136284922240108e+00
2.181540064231410003e+00
2.295476252071269929e+00
2.408399930510260134e+00
2.519743902467340035e+00
2.628925154663760200e+00
2.735351272059760142e+00
2.838426772887689964e+00
2.937559332314890082e+00
3.032165862052050187e+00
3.121678412871609964e+00
3.205549866995140107e+00
3.283259387660579787e+00
3.354317593862940150e+00
3.418271429272070172e+00
3.474708695658789814e+00
3.523262222782109987e+00
3.563613648596810179e+00
3.595496785811110207e+00
3.618700553237080175e+00
3.633071453014399932e+00
3.638515577623119945e+00
3.635000133615520213e+00
3.622554472159690064e+00
3.601270619776249848e+00
3.571303306035900071e+00
3.532869488442170081e+00
3.486247378223219950e+00
3.431774974269420131e+00
3.369848115953860024e+00
3.300918069028090152e+00
3.225488662175489907e+00
3.144112995092239959e+00
3.057389742131780164e+00
2.965959078567339979e+00
2.870498259366100147e+00
2.771716883015459931e+00
2.670351875366849814e+00
2.567162230647110022e+00
2.462923548717410149e+00
2.358422409308610135e+00
2.254450625331640090e+00
2.151799418418329779e+00
2.051253560600600157e+00
1.953585526468520017e+00
1.859549700250249904e+00
1.769876682037460069e+00
1.685267736828969909e+00
1.606389429187049966e+00
1.533868485104350032e+00
1.468286921162089920e+00
1.410177479245459997e+00
1.360019402964780078e+00
1.318234589539309942e+00
1.285184148245229974e+00
1.261165393624849917e+00
1.246409298529290055e+00
1.241078428735709949e+00
1.245265377371270077e+00
1.258991713712829918e+00
1.282207457140720042e+00
1.314791083134029925e+00
1.356550064232900032e+00
1.407221944889579968e+00
1.466475945112150070e+00
1.533915083807229962e+00
1.609078808775090019e+00
1.691446116436480018e+00
1.780439140603309989e+00
1.875427185971709987e+00
1.975731178550170108e+00
2.080628501951769849e+00
2.189358185421100167e+00
2.301126406641710087e+00
2.415112269806860112e+00
2.530473817161900119e+00
2.646354230246660055e+00
2.761888175407880119e+00
2.876208246825420201e+00
2.988451459310020208e+00
3.097765742503390207e+00
3.203316387833710088e+00
3.304292399676810099e+00
3.399912702627520211e+00
3.489432157602769813e+00
3.572147340680099870e+00
3.647402040102090126e+00
3.714592428750400188e+00
3.773171871596670002e+00
3.822655330153510000e+00
3.862623328767349928e+00
3.892725450686369992e+00
3.912683335191580181e+00
3.922293150662369943e+00
3.921427522240419794e+00
3.910036896729260025e+00
3.888150331490579870e+00
3.855875698344129798e+00
3.813399297813810040e+00
3.760984883456960137e+00
3.698972100432110111e+00
3.627774346874450107e+00
3.547876071018349897e+00
3.459829521304119915e+00
3.364250970899790083e+00
3.261816442120169857e+00
3.153256960111169960e+00
3.039353368852950155e+00
2.920930745991130006e+00
2.798852456209719897e+00
2.674013885777040134e+00
2.547335903519710065e+00
2.419758095766970207e+00
2.292231824757910097e+00
2.165713161594919889e+00
2.041155746035840046e+00
1.919503626249390082e+00
1.801684132091960100e+00
1.688600835498510033e+00
1.581126651216619994e+00
1.480097130341980094e+00
1.386303997955740108e+00
1.300488984603410003e+00
1.223337999421870048e+00
1.155475690417480106e+00
1.097401470290380043e+00
1.045733364736689985e+00
9.981901863080949733e-01
