-7.435875694353424326e-01
-7.638259220540943861e-01
-8.202592774048351743e-01
-7.947679334633084292e-01
-8.554192901582963193e-01
-9.579598447762209812e-01
-9.732661801870207130e-01
-9.740327972103991483e-01
-9.671188602548368429e-01
-9.491797368703938087e-01
-1.004184827927471657e+00
-1.043686108795181200e+00
-9.908349949647009547e-01
-1.017751017393285773e+00
-1.037848884830518958e+00
-1.064625467190670305e+00
-1.091640533218579456e+00
-1.077560333435198192e+00
-1.154746928783536353e+00
-1.228488786470634198e+00
-1.303057945557518416e+00
-1.386394846916039425e+00
-1.447542005386824204e+00
-1.361316242860103998e+00
-1.371493394724845549e+00
-1.385108702283921911e+00
-1.407505541553921491e+00
-1.393720778682857375e+00
-1.480427931582217305e+00
-1.478253098892508000e+00
-1.521573431043143687e+00
-1.553342598272748898e+00
-1.650907999805518500e+00
-1.666410125910320117e+00
-1.669197686484179766e+00
-1.583710519374930126e+00
-1.546638150904368514e+00
-1.576813575104704546e+00
-1.552849960550913400e+00
-1.503936302868911890e+00
-1.547823835231455725e+00
-1.565741913498906790e+00
-1.603476107738721179e+00
-1.664652409956030699e+00
-1.618534085921550680e+00
-1.629965272041090207e+00
-1.642681406937938959e+00
-1.594081989556100698e+00
-1.624228057826724525e+00
-1.627439843253104534e+00
-1.531772678767486573e+00
-1.559698401057335149e+00
-1.623711748858915227e+00
-1.641110134307798729e+00
-1.580603866347815911e+00
-1.528019305788773430e+00
-1.500739321627786671e+00
-1.495780412960928674e+00
-1.493565765786830424e+00
-1.476551191080464287e+00
-1.530325472039891777e+00
-1.532538367414846725e+00
-1.539036643351591849e+00
-1.501515564604015252e+00
-1.426641220439742730e+00
-1.453380595405767917e+00
-1.388879527421938320e+00
-1.331982965565879917e+00
-1.271037408639081878e+00
-1.225521211690871359e+00
-1.270938397991085989e+00
-1.188266654020180946e+00
-1.130537287080522368e+00
-1.050960780786870163e+00
-1.011494916898334484e+00
-1.031594757635055259e+00
-9.755398375882280426e-01
-9.076280463389244657e-01
-8.932999865226111114e-01
-8.767186963827092727e-01
-8.789307074519655538e-01
-9.006592290762041042e-01
-8.773669276553138774e-01
-9.213597824772212785e-01
-9.444988329526949888e-01
-1.057752029220859535e+00
-1.100175054336379743e+00
-1.041361377774888686e+00
-1.054426420836307665e+00
-1.120049436432269285e+00
-1.090451994968211435e+00
-1.171678960748937071e+00
-1.227341655125385067e+00
-1.224264229069568888e+00
-1.176629052515628437e+00
-1.149027709498823269e+00
-1.199052248630146700e+00
-1.257555888128020660e+00
-1.298629573243469171e+00
-1.248090813259461918e+00
-1.208701302814173539e+00
-1.172350724371405306e+00
-1.122731215752939660e+00
-1.162166323217312724e+00
-1.146443572326732774e+00
-1.222340368105180763e+00
-1.156995833574058441e+00
-1.215210605182166947e+00
-1.298220473666889196e+00
-1.376959989836924469e+00
-1.540559629648867945e+00
-1.585103410605116281e+00
-1.647895741853860674e+00
-1.669941188656934195e+00
-1.618777256968285005e+00
-1.571644589378189627e+00
-1.540562195659517242e+00
-1.610792250830543892e+00
-1.720354365442787969e+00
-1.688403802498271933e+00
-1.650684253949543878e+00
-1.616856999211197188e+00
-1.573232249472695132e+00
-1.551837530519073249e+00
-1.486971548755740669e+00
-1.486066340478928716e+00
-1.450053643236619560e+00
-1.349214792148004438e+00
-1.321685677730748187e+00
-1.322534096449463625e+00
-1.332399439527146345e+00
-1.316747497234666664e+00
-1.238891491512755128e+00
-1.133084247815184797e+00
-1.129359835414638136e+00
-1.139572297428283143e+00
-1.099594579518579085e+00
-1.027268648582593480e+00
-9.923857337175855386e-01
-1.051043543501262389e+00
-1.018423455717386794e+00
-1.028687964882216699e+00
-9.873808252515281492e-01
-1.084031038772645061e+00
-1.105938267976686928e+00
-1.141624257617325000e+00
-1.166502967247829092e+00
-1.227613924246151900e+00
-1.247595058996585626e+00
-1.226777579914933414e+00
-1.220786839189943018e+00
-1.217136555620298877e+00
-1.268654408968509673e+00
-1.325703453957191025e+00
-1.297046509922021640e+00
-1.254951663183417443e+00
-1.227540070105446635e+00
-1.229580135138505836e+00
-1.197441660747273762e+00
-1.204759608892300937e+00
-1.176783247966707968e+00
-1.131313283984549001e+00
-1.174479218004443215e+00
-1.092554904254622983e+00
-1.004433004179144051e+00
-9.927421052531569812e-01
-9.128429860173231658e-01
-9.315568142575939570e-01
-1.022422380841563561e+00
-1.046114197466936568e+00
-9.817076775263620103e-01
-9.565595565001802081e-01
-1.015351490143414637e+00
-1.001290945743941618e+00
-8.762559601285350164e-01
-7.659575002001062227e-01
-7.406418141795060306e-01
-7.600900184302754603e-01
-7.386914057851158288e-01
-7.670459967921965383e-01
-8.343561479214967047e-01
-8.488484468574608588e-01
-8.369106866365728647e-01
-9.164032150243934804e-01
-9.054619835426174213e-01
-9.295806768885298554e-01
-9.625984878593237815e-01
-9.982865700145774346e-01
-9.449250266662196918e-01
-8.943810445999000880e-01
-8.420718124154900064e-01
-7.639399453267685658e-01
-8.026582310671170895e-01
-8.651551013234101140e-01
-8.359997344612632997e-01
-8.692367138520926684e-01
-9.152696044320903779e-01
-9.229878856414899246e-01
-9.582577095051030280e-01
-9.869905854326447292e-01
-1.005032889444317679e+00
-9.317974157737372032e-01
-8.876136487224112193e-01
-8.995043195500719291e-01
-9.423186675388295352e-01
-9.188850130236143610e-01
-9.630261120527039420e-01
-9.222462706913474584e-01
-8.545048674937191224e-01
-8.171425008240181809e-01
-7.573017173092648768e-01
-6.845306421811977460e-01
-6.284823696361263590e-01
-6.329655239014730927e-01
-6.056655058581725815e-01
-6.097063804331998016e-01
-6.525740050706468898e-01
-7.161289774296869526e-01
-6.835989818617339564e-01
-7.099784264409917389e-01
-7.084958730337842514e-01
-7.103301371397293673e-01
-7.619089951090158852e-01
-8.081207306516074995e-01
-7.908797209652248528e-01
-7.426931373399869862e-01
-7.212789263224186342e-01
-6.876379519732106482e-01
-6.736331026831972046e-01
-6.253835311059807722e-01
-6.108546162879116004e-01
-6.244646634490675918e-01
-5.590288749180598593e-01
-5.579396629557802356e-01
-6.765897178772573017e-01
-6.101707282652566455e-01
-5.765922152714915150e-01
-6.565947352830496797e-01
-6.164276091837708194e-01
-6.841317394387543827e-01
-6.802315753340433258e-01
-6.718800149282427858e-01
-7.201841597738786183e-01
-6.760928534599132123e-01
-5.499115848609037460e-01
-5.733420694731038436e-01
-6.104164117217186769e-01
-5.143336241610835247e-01
-4.683093585168234263e-01
-4.494211609313572553e-01
-4.809578974071915813e-01
-5.717803235730460898e-01
-6.338700793263316591e-01
-6.985804636722782179e-01
-7.829125954662892184e-01
-7.997407502843660865e-01
-8.476940675164575945e-01
-9.432937821288439606e-01
-9.261745340844349528e-01
-8.760104403051683919e-01
-8.446498100627704009e-01
-8.205407995983012848e-01
-7.615049534626407990e-01
-7.612922912893244076e-01
-6.559581441252521072e-01
-6.447051255091801325e-01
-7.044978443623644004e-01
-7.211352948219239556e-01
-7.878738657559811731e-01
-7.028785518127993459e-01
-7.389768053221956734e-01
-7.171292181409807398e-01
-6.840421788994339725e-01
-6.169942730985029655e-01
-6.380209156493052980e-01
-6.552934999765337443e-01
-6.883962531057115086e-01
-6.526492764767907184e-01
-7.518539120844565105e-01
-7.960986916280486936e-01
-7.849750864395728112e-01
-7.805756088635825707e-01
-8.495987324664542317e-01
-8.839506608769582829e-01
-9.307310059815164793e-01
-9.078856702481099550e-01
-8.563930511518770272e-01
-8.511526437123674294e-01
-7.719134950575485821e-01
-7.217096852918047922e-01
-7.363036142748937696e-01
-7.427353364860384000e-01
-6.802563819200262429e-01
-6.924564785507602016e-01
-6.350641639370228075e-01
-6.501146097970305071e-01
-6.376920690429827010e-01
-6.568413192797395439e-01
-5.810860351451765382e-01
-5.644423507117268812e-01
-6.262977893548151709e-01
-5.627019234280408178e-01
-6.294936903574357423e-01
-6.377885845224733341e-01
-6.842039773762965682e-01
-6.464804718918647497e-01
-6.660789726457733151e-01
-6.356508628881955003e-01
-6.516016754920607168e-01
-6.113309209429351743e-01
-6.684992174048588476e-01
-6.140700601726643004e-01
-5.240267665965588906e-01
-4.718379239916811185e-01
-5.216362233018659866e-01
-5.045111523381499152e-01
-5.012746456887651192e-01
-5.589007349418126935e-01
-4.901321253817250700e-01
-4.261580024795365573e-01
-3.725645079530466308e-01
-4.175977179485085844e-01
-4.042457256259180953e-01
-3.558969277900744244e-01
-3.710613806258568070e-01
-4.219893105754642937e-01
-3.728207715802173139e-01
-4.117006404870459657e-01
-4.418076809538636351e-01
-5.010225187212400400e-01
-5.260233115813237603e-01
-5.161942594195337852e-01
-5.661731128090170539e-01
-6.253571224216996072e-01
-5.945795974700135433e-01
-5.739132240975957089e-01
-4.968262540276605077e-01
-5.691731936513226842e-01
-5.896750632960995331e-01
-6.275506331470823707e-01
-5.543486785469421418e-01
-5.325251515280313708e-01
-5.692312072722699456e-01
-6.207713968714849706e-01
-6.650580910541514790e-01
-6.842983877932117265e-01
-6.690633101468943522e-01
-6.904198393473159889e-01
-6.655603605013129531e-01
-6.647632802755798487e-01
-7.847969800594318812e-01
-7.354738286936982616e-01
-6.802409048313365902e-01
-7.288781826298385003e-01
-7.580151900356989492e-01
-8.184990491342857277e-01
-8.719051027659295849e-01
-8.640987330348264273e-01
-7.863960567041502481e-01
-8.381637588833155128e-01
-8.961625446623917579e-01
-9.043856988218851312e-01
-8.828979916494364977e-01
-9.243321546053068216e-01
-8.874965360103127532e-01
-8.343229226762511885e-01
-8.359405864379524376e-01
-8.557266359769815089e-01
-8.956884174888176675e-01
-8.524551643712614535e-01
-8.436040387319918565e-01
-8.532165082174945070e-01
-7.211959617347669660e-01
-6.723911752433451294e-01
-7.039848034318898495e-01
-8.288241834109838502e-01
-8.321264102519215777e-01
-8.514390128399561553e-01
-8.368523547694803888e-01
-7.974681253684543503e-01
-8.518699879191997670e-01
-8.767165166017907296e-01
-9.137049315494518709e-01
-9.091645093528414323e-01
-9.156579436189721255e-01
-9.050573964541754890e-01
-9.982819302573247011e-01
-1.050465442547013462e+00
-1.039047517645197649e+00
-1.003944027902901714e+00
-9.661775003663162220e-01
-1.005347793099401921e+00
-1.035008274131375305e+00
-1.049954744878368817e+00
-1.003639528755024601e+00
-9.118036615608410278e-01
-8.701209394793072427e-01
-8.415973756378262172e-01
-8.326539219100445033e-01
-8.454399311083052870e-01
-8.607006415513368536e-01
-8.496878981210997939e-01
-9.087772349673451933e-01
-8.696084478116412608e-01
-8.094088938074227579e-01
-8.725289908630399216e-01
-9.440381603692687973e-01
-9.393403793400978419e-01
-8.846549364990339281e-01
-9.179839356391437111e-01
-8.643047516737153435e-01
-8.804815533562670993e-01
-9.090069708696760786e-01
-8.590260178794119073e-01
-8.478588332425371910e-01
-8.788756040052974061e-01
-8.192284233434002916e-01
-7.703585892050663908e-01
-7.589333563990677822e-01
-6.052572929516264466e-01
-5.533038089627903000e-01
-6.256735687753760544e-01
-5.199950856580529690e-01
-5.044414652540395450e-01
-5.343784073501177678e-01
-5.489194257225216145e-01
-5.382474234598527696e-01
-5.319660666761205636e-01
-6.079530582865009247e-01
-6.334331259457554042e-01
-5.581809535486913498e-01
-6.577983664838693567e-01
-7.083128479266224131e-01
-6.928226322730651754e-01
-7.015635772754541533e-01
-6.893485768630579491e-01
-5.864733504181662838e-01
-5.056544572679937399e-01
-5.808819019829579711e-01
-7.178684586134361778e-01
-7.569760703967326476e-01
-7.617064933158147477e-01
-7.936091195438969015e-01
-7.400759320104630667e-01
-7.810982584618076929e-01
-8.428220830539676633e-01
-8.781307622505994948e-01
-8.488528102453025692e-01
-8.337766838428619653e-01
-8.454900955417627983e-01
-8.759943974292605517e-01
-8.689509769498936498e-01
-8.432486898840996226e-01
-8.056418465036524479e-01
-8.074967228353906457e-01
-8.003495474537265508e-01
-8.591002795621487387e-01
-8.865950079296048836e-01
-8.896227660731518272e-01
-8.873710641763987717e-01
-9.410740877100917112e-01
-8.517432793218226994e-01
-8.268979196972533474e-01
-7.555056006071052543e-01
-7.339373582801548279e-01
-7.097920505072591313e-01
-7.546464375160483185e-01
-8.440321278563099883e-01
-8.573547265467625911e-01
-8.668839512785807555e-01
-8.125729057988053672e-01
-7.477514002984172459e-01
-6.642770575135840128e-01
-6.798748559406649905e-01
-6.591507420588748056e-01
-7.719695791321806722e-01
-7.162784173358562878e-01
-7.215682708338603257e-01
-6.547833355050702853e-01
-6.311294882803615280e-01
-6.146811037370170094e-01
-5.286214422803557911e-01
-4.952384059551455664e-01
-4.916390744860940076e-01
-5.108439954124680549e-01
-5.386551945269889563e-01
-5.795985062600512716e-01
-4.884404457615481032e-01
-4.668683216149350779e-01
-5.618958054721389095e-01
-5.708047390167039215e-01
-4.781163733436839536e-01
-4.571559624402425359e-01
-4.931058824612459812e-01
-4.588197918698603273e-01
-4.772880445711006336e-01
-5.029515279755847335e-01
-5.448842671351764588e-01
-5.830381372967116116e-01
-7.205164919425267600e-01
-7.452814464555974627e-01
-7.222730505574874726e-01
-6.870839221265367947e-01
-7.372758021544745244e-01
-7.197144797664510874e-01
-7.138394375158423344e-01
-7.221970777122879159e-01
-6.768523909235105718e-01
-7.341561349223678645e-01
-7.630911887114896208e-01
-7.151503009742233852e-01
-7.895351842791853425e-01
-7.198446735885384307e-01
-6.999237509975029248e-01
-7.087742758705477542e-01
-7.217578652166029007e-01
-7.825551326787205664e-01
-7.703709734078919569e-01
-7.959501445683770937e-01
-7.922491602341594774e-01
-8.301314878181155210e-01
-7.676645710285167068e-01
-7.454192574953286687e-01
-7.758653322509205807e-01
-7.784219174539300790e-01
-7.136389410104848618e-01
-7.185946316910748477e-01
-7.748978413718342617e-01
-8.113286383117805922e-01
-7.551371050483645098e-01
-7.146784663559990758e-01
-7.282144831029950804e-01
-7.197237987473845688e-01
-7.457981616199804709e-01
-7.826238341918800856e-01
-6.725530859867984157e-01
-5.654931545987716968e-01
-6.107449004655856051e-01
-6.557542075369564571e-01
-7.292197703711803536e-01
-7.629748214617617652e-01
-8.024507295187213174e-01
-7.675356245335602789e-01
-7.550367031705859100e-01
-7.699333132980492600e-01
-8.903050479840096676e-01
-8.929718146382634725e-01
-8.087056538708977671e-01
-7.532644872697510374e-01
-7.880212257829772859e-01
-7.917478524928529549e-01
-8.132756858916647680e-01
-8.694422547946036861e-01
-7.560706281119858874e-01
-7.182861179574810961e-01
-7.770698389809151951e-01
-7.358626622284881735e-01
-6.348434659344688313e-01
-6.234831463868404366e-01
-6.188546607708005354e-01
-6.021461613821184056e-01
-4.983194224503146863e-01
-4.510214022220292440e-01
-4.248308637832616808e-01
-4.921725273182849247e-01
-5.150649990891914554e-01
-4.803829319361677674e-01
-4.558605654813351893e-01
-5.287485118397928785e-01
-5.640421453274584440e-01
-6.087929029819119098e-01
-5.834346396786308508e-01
-5.152686781469369981e-01
-4.714688516625566983e-01
-4.436904819618177620e-01
-4.691897708531303501e-01
-4.991213628863637730e-01
-5.395545140772530779e-01
-5.999902010650038919e-01
-6.334539741742334362e-01
-7.080003319050593991e-01
-5.785878328017531880e-01
-5.900704829158514020e-01
-6.608465021505636194e-01
-6.663073094552149911e-01
-6.451553342049960449e-01
-6.491516333190295862e-01
-6.864561455295726811e-01
-5.799965972091302158e-01
-5.536830874646357925e-01
-5.908628202775474403e-01
-5.514546777566070590e-01
-5.453735654390216014e-01
-5.159692239308694139e-01
-5.201501427609278583e-01
-4.800431620887153361e-01
-3.926371488353840311e-01
-4.563016965266693536e-01
-5.794932038073263847e-01
-4.684343860146122362e-01
-4.140748730551006007e-01
-3.966620660623028649e-01
-4.554122577477952571e-01
-4.752670099329371345e-01
-4.972912108267260600e-01
-4.392281656571593862e-01
-4.302462800656104425e-01
-4.150390821836938415e-01
-4.421083015917763315e-01
-4.723946499450049075e-01
-4.053393852738159664e-01
-3.780581167645862273e-01
-3.351013892053869569e-01
-3.057284199979518058e-01
-3.492794413446903001e-01
-3.838366975695388095e-01
-3.820899874828312393e-01
-3.996972936839588431e-01
-5.463951269939896216e-01
-5.715751335846073200e-01
-5.385531618295937850e-01
-4.355836206818589629e-01
-4.775575465827424648e-01
-5.704871666315917134e-01
-6.483894834382885053e-01
-6.901303148496428230e-01
-7.120438742188289760e-01
-7.207543924902553023e-01
-7.565132484025178794e-01
-7.101527729425721747e-01
-6.006692786164551379e-01
-5.042386028613246030e-01
-4.138215295395555327e-01
-4.571595264080217658e-01
-4.754392402784374250e-01
-4.272546568770110298e-01
-4.196742328622244389e-01
-5.112189309701441475e-01
-5.734266314910825280e-01
-5.450907503229119877e-01
-6.272391930632090773e-01
-5.770580951028114747e-01
-4.832590177699180867e-01
-4.504128449010096902e-01
-4.975391093178397894e-01
-5.561423218385709299e-01
-5.793623955772057021e-01
-6.857633231049142797e-01
-7.236745916926843325e-01
-7.854612078417791965e-01
-7.610014101780869789e-01
-6.553605615247939387e-01
-6.068256720442077867e-01
-6.402065884567517129e-01
-5.866591925381188233e-01
-5.886786673840538331e-01
-5.859673890752209457e-01
-5.842725626181592968e-01
-6.469380345304034385e-01
-6.546546782847485479e-01
-6.501551903851574554e-01
-6.390830038162842452e-01
-5.963442988558274038e-01
-5.790338120295839275e-01
-5.796609646296302376e-01
-5.035341378290443259e-01
-5.025214591079687487e-01
-5.113356840521646740e-01
-5.584073478636688570e-01
-4.945148201556173184e-01
-5.191266388634365736e-01
-4.642648139230285409e-01
-5.123688727906284823e-01
-4.601797738205388177e-01
-3.970459931100671080e-01
-3.314673931332187684e-01
-3.675974853584697555e-01
-3.177603654993713111e-01
-2.823396293947924574e-01
-3.261726242687680855e-01
-3.932382096672885630e-01
-4.012788178274794837e-01
-3.703264449943001746e-01
-3.964461871313096353e-01
-3.659666529915165945e-01
-3.842602420040667766e-01
-3.919907320738440504e-01
-4.326968950513672696e-01
-4.891323591231419576e-01
-4.828210194074410988e-01
-4.008978639435781255e-01
-3.306558044779109862e-01
-3.387744633882314171e-01
-3.312422367713156457e-01
-3.701083390571308085e-01
-3.146127438321301706e-01
-2.147882436835628905e-01
-2.069945503247185292e-01
-1.988722119342608285e-01
-2.612805536968899056e-01
-2.654518149661291293e-01
-3.134052434230904516e-01
-3.144965831116219301e-01
-3.341204940784076038e-01
-3.507285459094460767e-01
-3.744783985346404886e-01
-4.748407539997219207e-01
-4.213080023133192187e-01
-3.166152827529514213e-01
-3.792971308603761971e-01
-3.491353722229423306e-01
-3.802853842804595486e-01
-4.902716821502171030e-01
-5.519424177037907109e-01
-6.618257930038343728e-01
-6.392144691309402660e-01
-5.103933170787459117e-01
-4.406102393386491234e-01
-4.406424495864068036e-01
-4.687678048050579749e-01
-4.469102581618477621e-01
-4.813092506352550370e-01
-5.094731675006709537e-01
-5.228760360403053031e-01
-4.754769642823329923e-01
-5.373223193764588013e-01
-5.239929217445945531e-01
-5.819792805388280810e-01
-5.334621594320724247e-01
-5.522411017924950816e-01
-5.896768932525638940e-01
-6.355177090576534793e-01
-6.471150159491732001e-01
-6.288582400863691468e-01
-6.451772544171372470e-01
-7.070160641670046875e-01
-7.868658999681495958e-01
-7.993350548031944447e-01
-8.404086081149652054e-01
-8.373044386110110038e-01
-8.718806306570391351e-01
-9.213329787110126068e-01
-9.559560561615944030e-01
-9.753733952234431293e-01
-1.003395324002083644e+00
-1.015702004359485322e+00
-9.761181505502753986e-01
-9.889306059690081696e-01
-1.040092844368925906e+00
-9.702926530708022579e-01
-9.999060615168823274e-01
-9.622938992288168070e-01
-8.999208665244516903e-01
-9.645708631742423433e-01
-8.667070111157542112e-01
-8.282083627613389121e-01
-8.471138989951839671e-01
-7.751265768445083637e-01
-7.404147999017430815e-01
-7.835722417071969703e-01
-7.739150972053400190e-01
-7.174648071871101429e-01
-7.671533708919816563e-01
-7.421300882989013692e-01
-7.711168791442711834e-01
-7.607811597075776477e-01
-7.667172633609133925e-01
-7.556269265352016928e-01
-7.710674146646039340e-01
-8.017802507595745976e-01
-8.078391441757463154e-01
-7.927951445560066368e-01
-8.469032864355887646e-01
-9.259602507387891812e-01
-9.164286217876221885e-01
-9.443492259069998784e-01
-9.963560181468114063e-01
-9.951577035254320913e-01
-1.001633250995288327e+00
-1.111388427797969758e+00
-1.120187206057902563e+00
-1.093116939684187106e+00
-1.111473774696356775e+00
-1.099894345640407778e+00
-1.122317082519962872e+00
-1.148122223215191084e+00
-1.183636001605135935e+00
-1.185501392790708097e+00
-1.147645702442621873e+00
-1.166755419674000871e+00
-1.208830005331340329e+00
-1.137661715945025742e+00
-1.097072916179909763e+00
-1.053532341712653198e+00
-9.798518643817818452e-01
-9.413395558143253794e-01
-8.531665501223480996e-01
-8.702864294870568118e-01
-9.132444270508307538e-01
-9.914277232758654801e-01
-1.013182011349429423e+00
-1.060485837899165285e+00
-1.044796649746934536e+00
-1.050400469344480392e+00
-1.039079661958263623e+00
-1.009845126444516072e+00
-9.808242439521246414e-01
-9.261567193183412039e-01
-9.495212675515416478e-01
-9.640954355478617011e-01
-8.987516532352263221e-01
-8.726963924257242766e-01
-8.508548136474441970e-01
-8.174423776475346903e-01
-7.098345700961119498e-01
-7.460663435180706626e-01
-7.237935227485081668e-01
-5.952711907329918395e-01
-5.647196165346084484e-01
-6.573606050822397018e-01
-7.136221028813957146e-01
-7.232580470951094354e-01
-8.096536820936314216e-01
-8.416224666725531378e-01
-8.863613678361734749e-01
-8.818387226376290799e-01
-8.558756611268506509e-01
-8.300378694493898424e-01
-8.853749660264667032e-01
-9.174000069861644180e-01
-9.255314684935481706e-01
-8.973430464205089940e-01
-9.158415469430757350e-01
-9.480122276266322867e-01
-9.726785967698086122e-01
-9.534271774832757673e-01
-1.014074962886091447e+00
-9.648239472959024843e-01
-9.956776139123019176e-01
-9.578303879416344424e-01
-9.389108866498385719e-01
-8.766700722800563339e-01
-9.443824463547861869e-01
-9.958581820588778832e-01
-1.010755449506904879e+00
-1.002082899172456631e+00
-9.342105721047356814e-01
-9.813037455520687846e-01
-1.063751637447508891e+00
-9.643609486948792053e-01
-9.831098712539229068e-01
-9.756339830104873156e-01
-1.009974367502590731e+00
-1.112100128349983841e+00
-1.202734316212744625e+00
-1.247783740917565609e+00
-1.235976439548860162e+00
-1.208917310056978778e+00
-1.218794611572816100e+00
-1.271555749654207368e+00
-1.362811451356677139e+00
-1.412217643558331126e+00
-1.352709735728359286e+00
-1.343117463313568738e+00
-1.234688043968009463e+00
-1.178140433974459667e+00
-1.189615295684456342e+00
-1.167932361384803608e+00
-1.128075755079385400e+00
-1.144795503308379647e+00
-1.039299331914773195e+00
-1.065990917209312050e+00
-1.123032125445450724e+00
-1.040045179847940648e+00
-9.898119903151161303e-01
-9.994416037823030674e-01
-1.001077278856870700e+00
-1.103718480766905818e+00
-1.119619535275739652e+00
-1.070530451531674032e+00
-1.036884460147471376e+00
-9.847326777298300859e-01
-1.016225320240283114e+00
-9.827234856633674243e-01
-9.880836177623415484e-01
-9.435513318747421607e-01
-9.203493484721434470e-01
-9.149328429331005097e-01
-9.372846261938235779e-01
-8.319721147707902498e-01
-8.086635020879152647e-01
-8.865688027287274009e-01
-9.436996038513399965e-01
-8.606075800083068383e-01
-8.293303824232398647e-01
-8.111120570803067586e-01
-8.200356970851110372e-01
-8.520830588383393467e-01
-8.599488028042434618e-01
-8.470020402687098438e-01
-9.253203767039660521e-01
-8.381352480494264068e-01
-8.046884192265091329e-01
-8.031396733613132000e-01
-7.809625837919329516e-01
-7.736203268653233378e-01
-7.846533508959430137e-01
-8.701123106762020942e-01
-9.258359645066061017e-01
-1.019774600796449660e+00
-1.089116726266405433e+00
-1.054910671658234822e+00
-1.095068478939720480e+00
-1.117723626569492534e+00
-1.142420958358354888e+00
-1.205458341960229607e+00
-1.221294092874590564e+00
-1.223663044971550429e+00
-1.311899297497702621e+00
-1.306188077619119703e+00
-1.311594755780639998e+00
-1.232082346915494453e+00
-1.229984159182461401e+00
-1.271525801532776390e+00
-1.389175144531447303e+00
-1.405077424021170973e+00
-1.469379431493855304e+00
-1.510706926974361597e+00
-1.523427935023267343e+00
-1.537993978235124404e+00
-1.479434016042725286e+00
-1.451400123212744475e+00
-1.450195942523719417e+00
-1.384840789596732735e+00
-1.350304205726161610e+00
-1.283379169476728476e+00
-1.316212373301597349e+00
-1.366280893022601584e+00
-1.329090604643581530e+00
-1.312530327892021731e+00
-1.300941676813069270e+00
-1.332525906400015225e+00
-1.350022126025468339e+00
-1.378596546460068240e+00
-1.407535537518646018e+00
-1.356844695998408401e+00
-1.410399562285336694e+00
-1.466226020017450837e+00
-1.525866105501457515e+00
-1.519620143125632428e+00
-1.490345168856859859e+00
-1.511715880686160141e+00
-1.518398021773401663e+00
-1.505759602440153389e+00
-1.492523909231141310e+00
-1.474749991043416086e+00
-1.539167586729948134e+00
-1.486822320982885026e+00
-1.418549944124823048e+00
-1.428685436411140097e+00
-1.372515815321319943e+00
-1.335519215003455384e+00
-1.264714316049330600e+00
-1.237312764837750656e+00
-1.199785220792635165e+00
-1.210449384482961799e+00
-1.231757484476574627e+00
-1.226420521792254137e+00
-1.263774363600862261e+00
-1.344387167964703256e+00
-1.275098119834620292e+00
-1.172602423359287771e+00
-1.181650760929310318e+00
-1.230304897930551533e+00
-1.215543989158558658e+00
-1.233640299949239960e+00
-1.306121349373390528e+00
-1.256315430931010946e+00
-1.282089766189426161e+00
-1.324958983061698792e+00
-1.331668765457572068e+00
-1.321214348345691514e+00
-1.393854778911170822e+00
-1.376704301363600447e+00
-1.387308569283859150e+00
-1.377927092472992499e+00
-1.393913023927260353e+00
-1.523324417498345573e+00
-1.541972542096659238e+00
-1.527598983585418679e+00
-1.582700268004161748e+00
-1.627923704162426599e+00
-1.527888711177673553e+00
-1.522565479505713526e+00
-1.559956183792736706e+00
-1.534199823321268141e+00
-1.571381352306106205e+00
-1.605089113984169868e+00
-1.662116837156529803e+00
-1.615651357820143241e+00
-1.675718820140280174e+00
-1.733191319771409500e+00
-1.716946947557847825e+00
-1.696877645894767639e+00
-1.659788318629112913e+00
-1.581783655843284286e+00
-1.621543649942735810e+00
-1.657652869732050283e+00
-1.594113105277754405e+00
-1.556970937009804601e+00
-1.497911862394562421e+00
-1.528168955989913202e+00
-1.551197927973682056e+00
-1.478637175707306017e+00
-1.511498217059688898e+00
-1.504186275929009664e+00
-1.527130103084343160e+00
-1.515722397988847003e+00
-1.494163727056343260e+00
-1.491060870920718928e+00
-1.464320740041740176e+00
-1.501701392582739158e+00
-1.515875734623249649e+00
-1.433524609780906456e+00
-1.513175399820557265e+00
-1.538702643355967625e+00
-1.473988977133875444e+00
-1.423203531617229345e+00
-1.397171785265395982e+00
-1.365209459686716809e+00
-1.427177237419329670e+00
-1.414358178580712666e+00
-1.325808698868087721e+00
-1.257428693243102913e+00
-1.189563718015534288e+00
-1.251182912693923566e+00
-1.304313093758260544e+00
-1.286983546901822484e+00
-1.251928535053441260e+00
-1.291291581262974164e+00
-1.312335038241530194e+00
-1.330175119939423167e+00
-1.325010870007071961e+00
-1.449635955323368641e+00
-1.498657638377517864e+00
-1.458705757624836785e+00
-1.427071169156794550e+00
-1.407119589666229187e+00
-1.391038750446559336e+00
-1.368920486384966217e+00
-1.379818108793359865e+00
-1.347988975242213616e+00
-1.252201521959863673e+00
-1.198207890755634386e+00
-1.154885679665724973e+00
-1.181038384312511180e+00
-1.230990780346309599e+00
-1.203750268369307319e+00
-1.200006159944418727e+00
-1.155070378983410029e+00
-1.143742702569351843e+00
-1.125716918942597067e+00
-9.631736623044678813e-01
-9.574361978227887704e-01
-1.038706514124657421e+00
-1.098099526955129690e+00
-1.175525094320591046e+00
-1.212767232154466912e+00
-1.288884519188189470e+00
-1.282239854048906613e+00
-1.247844458415513058e+00
-1.220611259613065824e+00
-1.181639919734541078e+00
-1.188356070101367568e+00
-1.165097419980100302e+00
-1.134065041582972722e+00
-1.145463958193942977e+00
-1.090864361239587410e+00
-1.057273394144831347e+00
-1.058112481032246199e+00
-1.082464346050117987e+00
-1.122342129004678890e+00
-1.148484396854373868e+00
-1.150907576879928618e+00
-1.099798721446257233e+00
-1.074504303738174515e+00
-1.029317972211563070e+00
-1.040826248322784586e+00
-1.011335598556667215e+00
-9.782268977352316375e-01
-9.437438226985567225e-01
-9.264059816716853080e-01
-8.587071010422511197e-01
-8.331804258305961497e-01
-8.883204252397720602e-01
-8.880283557448684917e-01
-8.600251719842384457e-01
-8.249408160943347834e-01
-8.356411592994663629e-01
-8.341633925462441645e-01
-9.001477127650008292e-01
-9.328396418115125766e-01
-8.813487880047748968e-01
-8.553700412674648534e-01
-8.592734121079448339e-01
-7.856829187015225147e-01
-7.636375574622940032e-01
-7.674484285797288363e-01
-7.264544582841506726e-01
-6.464680530781433676e-01
-6.489728894658101099e-01
-6.712018143269171677e-01
-6.122767507379524021e-01
-6.073378561147404486e-01
-5.875168492362649042e-01
-5.871293869694899081e-01
-6.327398976802633968e-01
-6.456151670905342366e-01
-5.897370012603267986e-01
-6.315995434644753326e-01
-6.652236802477972111e-01
-6.838180050103201957e-01
-6.205789994241707186e-01
-6.132482890540655873e-01
-5.978480037761293442e-01
-5.211515325760790462e-01
-5.284722304867939258e-01
-5.073447561221454682e-01
-4.693813731011154400e-01
-4.712138152212927977e-01
-4.211154026454048682e-01
-4.993710084814294015e-01
-4.840689140118347722e-01
-4.728328490676797502e-01
-5.079433502848575976e-01
-4.656708037713627180e-01
-4.434225047650869334e-01
-4.159628269807874035e-01
-4.839048107261195164e-01
-4.964526184850383550e-01
-6.121561920735708595e-01
-6.410166622752732080e-01
-7.448801841353106523e-01
-7.866096497146053412e-01
-8.192342010086641757e-01
-8.098109405737495825e-01
-7.904820345645878765e-01
-7.728585469492476046e-01
-7.443521703372835141e-01
-6.549608748303790140e-01
-6.166613483678922147e-01
-6.309538870555568835e-01
-6.526209986596250845e-01
-6.786791827640926700e-01
-5.911893269044580235e-01
-5.854256084463481669e-01
-5.745392082981443105e-01
-5.048452631639395172e-01
-4.415088169097706738e-01
-4.227262496960910720e-01
-4.045423092472750781e-01
-3.605747174648989417e-01
-3.062210363710345939e-01
-2.764842637302006856e-01
-2.870583567379994538e-01
-3.459583810659634939e-01
-2.563086041719649377e-01
-2.429533514313151066e-01
-2.813221321428910349e-01
-2.180961229792843514e-01
-2.442205603023072935e-01
-1.641729135523982697e-01
-2.223131863145892673e-01
-2.250719419459095705e-01
-1.951967787845926561e-01
-2.261513590014524455e-01
-2.896524585260366602e-01
-3.104232363841260556e-01
-3.054663582827705781e-01
-2.794080909654311773e-01
-2.102075110208229125e-01
-3.021560606179884423e-01
-2.689816691994217912e-01
-3.377058051134197991e-01
-3.404206239660210187e-01
-3.462611302591862006e-01
-3.509215041898672283e-01
-3.421312908560867894e-01
-3.276300103228396710e-01
-3.987445453729450140e-01
-4.204844596443300664e-01
-4.215844064982628425e-01
-5.611188588225490825e-01
-5.141250149740933528e-01
-4.710908584964781376e-01
-4.996548547320767142e-01
-3.858272318583090832e-01
-3.720642240802982115e-01
-3.302920525235194527e-01
-3.277142954682023546e-01
-2.895425330683793486e-01
-2.713147293536692373e-01
-1.727873126963404560e-01
-2.397145644980463453e-01
-1.302413745211703777e-01
-1.837492577850834974e-01
-2.128793220019049859e-01
-2.204392012117076527e-01
-1.913522349752473650e-01
-1.692470452757006694e-01
-7.611663499069955263e-02
-2.935495810109649967e-02
-1.935448760048976563e-02
7.261419730389989668e-02
1.452645746367007829e-01
1.895331968661532196e-01
1.817666874848279657e-01
1.113577307675358841e-01
1.252203216415284370e-01
6.229749234079423603e-02
5.668454755010011309e-02
3.549735334283508903e-02
2.384096726747582731e-02
1.953228060511385394e-02
-6.650334880936232314e-04
3.463287485180473711e-03
-4.040710939326609685e-02
-9.944799421228052438e-02
-1.038732172136295484e-01
-1.765837668534968874e-01
-2.202957160138449832e-01
-2.980099205335269286e-01
-1.930705737312321812e-01
-1.589840449771078856e-01
-1.586450756486090241e-01
-1.788575371664201663e-01
-2.283494333946174404e-01
-2.598287239737358534e-01
-2.631716937958993308e-01
-3.571878506514643559e-01
-4.254644125897464879e-01
-4.616360559220566984e-01
-4.443692494512498370e-01
-4.448571690033678028e-01
-4.335846997098904421e-01
-4.598548731961881186e-01
-4.545451696384493201e-01
-4.939234327579980488e-01
-5.356086288202740464e-01
-4.733468647630993953e-01
-3.333217840240332297e-01
-3.213069977228298346e-01
-3.276378269785514830e-01
-2.551473630781112001e-01
-2.817226359864115626e-01
-3.395861773005026674e-01
-3.926726769135154838e-01
-3.527136585816952885e-01
-3.491123129600181008e-01
-3.251894425002407885e-01
-3.248606445385017749e-01
-3.888413879991358124e-01
-4.558503038240654948e-01
-4.434192238009467268e-01
-4.164708030909724523e-01
-4.279424918099007935e-01
-4.456657424020217806e-01
-5.040918334237013410e-01
-5.121292131744926701e-01
-5.308291246020410137e-01
-5.697354422602659563e-01
-5.938989967119626678e-01
-6.052467292296707102e-01
-6.542587061192343123e-01
-6.891673410658434307e-01
-6.051997334781586968e-01
-4.762909668729522483e-01
-4.789270542572450218e-01
-5.244938162619082744e-01
-4.818511810310721066e-01
-4.529210101560938173e-01
-5.033716911131699279e-01
-4.921942153837013390e-01
-5.264679985930604822e-01
-6.557683740149774509e-01
-6.477688670509976765e-01
-5.867827199924755543e-01
-6.088436092538563882e-01
-6.841262710995044127e-01
-7.123921372035687538e-01
-7.366975574042690100e-01
-7.355223772549748240e-01
-6.469100201914499415e-01
-6.624320509841660209e-01
-6.436101896749293338e-01
-7.077060769402103713e-01
-6.309875285654064081e-01
-5.779518625363727624e-01
-6.087971880481337639e-01
-6.347348521148206135e-01
-5.488752580837404915e-01
-4.485886458683143729e-01
-4.456072579715681381e-01
-4.747843895543797377e-01
-4.888435986220761031e-01
-5.426502412096952943e-01
-5.947444178161410688e-01
-5.953383846767303922e-01
-6.832993732626712058e-01
-6.648010559980410683e-01
-5.607743897716417347e-01
-5.429796500856871599e-01
-5.389126556532841672e-01
-5.465540065574433504e-01
-5.260637067105987663e-01
-5.754441314590900136e-01
-6.038481504883134177e-01
-5.851233921907067481e-01
-6.331764394213265090e-01
-6.017980051458557966e-01
-4.425699057438691741e-01
-4.590291260386260008e-01
-5.218425557652988100e-01
-5.744881567822931467e-01
-5.963965845190253301e-01
-5.997561366674650785e-01
-5.831605831426615039e-01
-5.593131937251487606e-01
-6.007135506992807850e-01
-7.007366661545056941e-01
-7.245560746483606929e-01
-7.658723656325476803e-01
-8.188017780513606736e-01
-8.318402007771960038e-01
-8.956792830819999551e-01
-9.859614740746938111e-01
-9.942749127525857267e-01
-1.075480741415121733e+00
-1.029621339119337842e+00
-9.740894820098451312e-01
-9.804961094714185199e-01
-9.862330907947909342e-01
-1.084516283228380340e+00
-1.076239365858316033e+00
-1.057239210863755163e+00
-1.025071911736336494e+00
-1.021924155224299025e+00
-9.620785474889249622e-01
-9.815348432506659782e-01
-9.845329859880612711e-01
-1.009777477529101963e+00
-9.802742989395121231e-01
-1.027209113141047458e+00
-1.067551468564811534e+00
-1.122048565308499724e+00
-1.131992914010069740e+00
-1.034219375485889492e+00
-9.916852042966084468e-01
-1.109452935492485581e+00
-1.132569673337328497e+00
-1.075759386696780506e+00
-1.028651411017313944e+00
-1.041161742680547508e+00
-1.018219119567767006e+00
-9.134703609387495593e-01
-8.843175107546695779e-01
-8.521007079031569509e-01
-8.526443031187013188e-01
-7.751091861343244460e-01
-6.740663885475211003e-01
-6.047004733833662993e-01
-5.438989291162534823e-01
-5.610750639972736931e-01
-6.355419428293176409e-01
-5.630675305108525652e-01
-5.631636650081511819e-01
-5.798591665195299560e-01
-5.202300848943670619e-01
-4.968196559651945621e-01
-5.600832415521509455e-01
-6.304794874617338785e-01
-5.576773444518348111e-01
-5.296861965143009332e-01
-6.287690499590957716e-01
-6.420504552965605738e-01
-6.323126742048666982e-01
-6.504160749586779255e-01
-6.113333092902691890e-01
-5.850366121594812174e-01
-5.391882921274721019e-01
-5.753582306050132322e-01
-5.796901854714250346e-01
-5.901614260951518753e-01
-5.532105815702993423e-01
-5.256686259798103444e-01
-5.439018293110148283e-01
-5.105114758521587248e-01
-4.341207806366283450e-01
-4.716389945546913820e-01
-4.711521729133176795e-01
-4.837505332855966955e-01
-5.913840235322778138e-01
-6.028889381800632830e-01
-6.114780813731365283e-01
-5.433375400307699499e-01
-5.674172057722000062e-01
-5.210670851956378247e-01
-4.709721545581779800e-01
-4.661524353560538292e-01
-4.396185785448472050e-01
-4.309743526656421575e-01
-4.250655551605958538e-01
-4.189276475446563341e-01
-3.940039016008706207e-01
-3.397625000799286976e-01
-3.662647468896647607e-01
-3.704391822178036420e-01
-4.140097103849935678e-01
-4.001186926202281446e-01
-4.295089604154141427e-01
-5.421266817291771067e-01
-4.761623216424067939e-01
-4.442297963911387981e-01
-4.238775651018044655e-01
-3.457962630807653315e-01
-3.739888072116219764e-01
-3.458379149085770154e-01
-3.432613547013658173e-01
-2.769843086228409579e-01
-1.644709058767818977e-01
-1.526229267132414025e-01
-6.287807387549287919e-02
4.494739607336148413e-02
4.240912825245737872e-02
-2.500522886816135271e-02
-5.644775666235007927e-02
-1.409170086447025967e-02
-7.878300955547337669e-02
-1.002247327798738152e-01
-1.041007501764898563e-01
-7.363640084570499678e-02
-9.045404186332157981e-02
-5.484312374935090134e-02
8.060549842531622780e-03
-4.823231634004927770e-02
-5.205012342419679944e-02
-1.444358796405408561e-02
-9.178945984269752667e-02
-1.323594007734724964e-01
-1.581602834605708441e-01
-1.787102249914021279e-01
-1.455003990181090723e-01
-1.894831126027023416e-01
-2.115649600998333879e-01
-2.627549211099396986e-01
-2.498386661567098266e-01
-1.824223296360943658e-01
-1.372457603292017714e-01
-1.330710883018584589e-01
-9.009109332548598248e-02
-1.154015449039043767e-01
-3.982926269434085981e-02
-2.745712913463819668e-02
-2.703493279166546692e-02
-6.108534056087307207e-02
-8.873451723672920455e-02
-1.281968309216371116e-01
-1.233469155233468811e-01
-3.060575538383697794e-02
-1.685396707966654167e-02
4.407009855049701802e-02
7.387498456763269550e-02
1.119688677887389905e-01
1.288144293934332663e-01
5.638982255033209851e-02
4.478210664181962036e-02
7.138102732564134689e-02
1.394446168051719226e-01
2.525697130003208835e-01
1.482450477347670159e-01
1.431946982997162054e-01
9.226759725942941526e-02
8.902598436529779447e-02
1.550241356368021184e-01
1.852881689504412011e-01
1.220593885488406444e-01
8.767724757774333910e-02
-9.418493619986641197e-02
-1.525305495024627811e-01
-1.315330629611802804e-01
-1.525889897111283589e-01
-1.505396414552452045e-01
-1.307759459274430158e-01
-1.765130623596984638e-01
-2.337386543905252967e-01
-2.351698323817833225e-01
-2.677010627433936696e-01
-2.596111343675483463e-01
-1.935392721385413572e-01
-2.878212007432441877e-01
-2.495349639636674222e-01
-2.337688301433966387e-01
-2.099147063407772185e-01
-1.851949130722647940e-01
-9.687932440447681592e-02
-1.475507502985240194e-01
-2.198300535700598302e-01
-2.408890950882968673e-01
-2.813967032469946727e-01
-3.067252039375989447e-01
-2.253331634565591546e-01
-2.592846186476147619e-01
-3.634174072255129673e-01
-3.809790793890707183e-01
-3.191927891309622733e-01
-3.300022314708904170e-01
-3.616149479267211087e-01
-3.695443833105030995e-01
-4.023540699567511592e-01
-4.337363906135947578e-01
-4.082464393396025293e-01
-4.210733593312760425e-01
-3.644374037464075400e-01
-4.096556929033418060e-01
-3.944849818308005518e-01
-4.200354827437353666e-01
-5.067887881305466191e-01
-4.391156295585493252e-01
-4.262618081627900790e-01
-4.003995442528649473e-01
-3.720777964030401730e-01
-4.119116092633288151e-01
-4.827200435894932196e-01
-4.397870952454966953e-01
-4.534361477684387687e-01
-4.200219092138023358e-01
-4.345327381125107524e-01
-3.465396017868643819e-01
-3.327579295062884635e-01
-3.335924848439602575e-01
-3.364878405806529527e-01
-4.069962597342456911e-01
-5.025895075285988778e-01
-5.088370680919486189e-01
-5.009309607988382540e-01
-5.415670286258339461e-01
-6.061370869419685503e-01
-5.955143248608945061e-01
-5.770359532538770209e-01
-5.797652851428477527e-01
-5.652783462325043917e-01
-5.552516329150762875e-01
-5.214053180430976431e-01
-5.319264053112899848e-01
-5.221050053956248771e-01
-6.126180266491467741e-01
-6.076523912095048718e-01
-5.879002542782524321e-01
-5.802364934455223056e-01
-5.944573505648057532e-01
-5.518063659168894741e-01
-5.000084519313704456e-01
-4.960407180184037701e-01
-5.529516536309646568e-01
-5.363244927806675166e-01
-5.572985986035731143e-01
-6.293284801812933926e-01
-5.940765004896306767e-01
-5.359273920101302879e-01
-5.062884949275651136e-01
-5.231177204180998963e-01
-4.560525541627843960e-01
-3.765140915485037931e-01
-2.915627663476123566e-01
-2.433898399935093271e-01
-2.158133182620743107e-01
-2.021947035036955886e-01
-1.062892592702799899e-01
-1.693795786845298315e-02
4.389661087379750914e-02
4.466440168377264208e-02
-4.981475218261651600e-02
-6.340358071681255481e-02
-2.551963871903016254e-02
3.649314927232707312e-02
1.287025694738492820e-01
1.264190675096518168e-01
7.270133089445786345e-02
1.016862097849028923e-01
3.125109050626357493e-02
9.974763838607124400e-02
1.100186112342395328e-01
1.801189834646923227e-01
2.263595817938428845e-01
2.122517571697676020e-01
2.303618860391672685e-01
1.507283313394794377e-01
1.638435104712094026e-01
1.524879268705153501e-01
1.378362436467613916e-01
1.662277818658160211e-01
2.006116145964842445e-01
1.029002034028039941e-01
1.893572010796022442e-01
1.744037612290872952e-01
1.122425863432335164e-01
1.399496313428099381e-01
2.110375777397050789e-01
2.564468723866921707e-01
2.293864898352367121e-01
2.176657915430691981e-01
2.035774424359002854e-01
2.318955362237995754e-01
3.164812403119663387e-01
3.250019482019835260e-01
3.481930098385693229e-01
3.608974306495137396e-01
3.767237788923954445e-01
3.624360561730248231e-01
3.912659549142589732e-01
3.315953801505596710e-01
2.603820309650692888e-01
2.713159794046623441e-01
3.244476158019730105e-01
3.023381364867639975e-01
2.785253404335787386e-01
3.124215585133791051e-01
3.355289301846968719e-01
3.645408069317896405e-01
3.995109392030382622e-01
3.735758894150903453e-01
4.215862484977929148e-01
4.845372171810987116e-01
5.458843105494205483e-01
6.070812803190801521e-01
6.733898906197672840e-01
6.044169511504772219e-01
5.933641370803824922e-01
6.284363383704658634e-01
6.580811741600464115e-01
6.283368737407211135e-01
6.692817995488360427e-01
7.290309194821386063e-01
7.847276031933401175e-01
8.102897943718573304e-01
9.176676328727194631e-01
8.924918955442520119e-01
9.266563594059173958e-01
9.558349524316540613e-01
9.743417100397651076e-01
9.659192125250291028e-01
9.581453220681048766e-01
9.510726055424981729e-01
9.763189561405696271e-01
9.564051273343650017e-01
8.873859238874528543e-01
9.271013324888407459e-01
9.713448606528696239e-01
9.113243906779140424e-01
9.629409500161635327e-01
8.551710478728991038e-01
7.278583382847687577e-01
7.918860562330483077e-01
8.770178500668476262e-01
8.477440630338932692e-01
7.380841647278341133e-01
7.905532189440190871e-01
7.698458798309770756e-01
7.678639850006877543e-01
7.914772743090695561e-01
8.918576481227410424e-01
9.012554667261561958e-01
8.494733536333063384e-01
9.152961740765704901e-01
8.834620349294117769e-01
9.388435554891969570e-01
9.705427100365494608e-01
9.772300788837466889e-01
9.846566514896354372e-01
9.363469939095498962e-01
1.027556088352124419e+00
1.050358103715976377e+00
1.018429150763760394e+00
1.006839050003307756e+00
9.658218640388411824e-01
9.151318555413289202e-01
1.008411664175886679e+00
9.512745179218132785e-01
9.217853565975107077e-01
7.824584523700661709e-01
7.401041492740831895e-01
7.052024134666131649e-01
7.278550706356913258e-01
7.704621455579461209e-01
8.249734582395197302e-01
8.973286554577900587e-01
9.209867024868285679e-01
9.487217216376018225e-01
9.247009703429955874e-01
9.270013001223799121e-01
9.039072146557216580e-01
8.892640983521945541e-01
8.796239760963376897e-01
8.593518754904169166e-01
7.852885755799035028e-01
7.731315733292725145e-01
8.633856358583008594e-01
9.372593532238140401e-01
9.412874080210752448e-01
9.143031401545262948e-01
8.660383386268334371e-01
9.398966184725181527e-01
1.000002007712489815e+00
1.024418787925449603e+00
1.087731510390347545e+00
1.004991338480185181e+00
1.000394606241409745e+00
9.843401146436587812e-01
9.863232877218082173e-01
9.705413564374101298e-01
9.135677223019510462e-01
8.011138906504461366e-01
9.030532610945501970e-01
9.360010160724704376e-01
1.006786763279222674e+00
1.089871881804361342e+00
1.115505940575897137e+00
1.215082286628792918e+00
1.277497591185335679e+00
1.330863144324759828e+00
1.323902249548625232e+00
1.288889059650978997e+00
1.307688882622871640e+00
1.278672858420873304e+00
1.257852092799386368e+00
1.334054390260669631e+00
1.363338265377346925e+00
1.367195169018325496e+00
1.324052778864781343e+00
1.291147926052588879e+00
1.270330083190026826e+00
1.197768557698030811e+00
1.097103934569030326e+00
1.100680539316780893e+00
1.107310967176863725e+00
1.037665873052217247e+00
1.039191838793872558e+00
1.067911624265632797e+00
1.001922100144445604e+00
9.422731156348863601e-01
9.308227240282450632e-01
9.848484322600624674e-01
1.032461946004116671e+00
1.048441551179664977e+00
1.071353901335236003e+00
9.709825126333053724e-01
9.920681906853641152e-01
9.818261375645950251e-01
8.939784060212753181e-01
8.685624378080755159e-01
8.583395013621819558e-01
7.980688239899644820e-01
8.171020251800807932e-01
9.099790113593131391e-01
8.875822070194094859e-01
7.667208811038379590e-01
7.492905475039854934e-01
8.035405585952593022e-01
8.052359587253314910e-01
7.190672353377122183e-01
7.093766880995335811e-01
7.231408383000069717e-01
7.277866767850180718e-01
7.388884279329398508e-01
7.524362913340612025e-01
8.101211256395551841e-01
8.656681163032200477e-01
8.794314165747150192e-01
7.970328663619814513e-01
8.751859587778055838e-01
8.283494720358444141e-01
8.202484547037366402e-01
8.724415242261350789e-01
8.123565318946278646e-01
8.085399087961021580e-01
7.580259087916290106e-01
7.761414352326654331e-01
7.826180317356843386e-01
7.862788017587074574e-01
7.863497019965681734e-01
7.836289397094803322e-01
7.829797206082211858e-01
7.557412083232571964e-01
8.169186626477483726e-01
7.205705521821160753e-01
6.080734393945752547e-01
6.680329103489629494e-01
7.414522576265111242e-01
7.534233406056968230e-01
7.624840312371611306e-01
7.660250363552189024e-01
8.388286245571594524e-01
8.311049549144551296e-01
8.337362955223081018e-01
9.020318216188188964e-01
9.347769229255888934e-01
9.325090117771461795e-01
1.007290307159865561e+00
1.076069243570551670e+00
1.061563316338746787e+00
1.077256629468277049e+00
1.116158147198475392e+00
1.044269432787316765e+00
1.059103278478829457e+00
1.058086733549234992e+00
9.974815991178563879e-01
9.511968453515111666e-01
9.227874266877849063e-01
9.348338381400418395e-01
9.700153558504123197e-01
1.036413427371814189e+00
1.117871653753546468e+00
1.110859682951235827e+00
1.151526489264742770e+00
1.244687569134247385e+00
1.195591688819917842e+00
1.191422973407314734e+00
1.264143228666393837e+00
1.291175036205401083e+00
1.314137761561399165e+00
1.292700486272576166e+00
1.275625716011664634e+00
1.301251939062435969e+00
1.301638923663934744e+00
1.307687500125817248e+00
1.446468434060494967e+00
1.508696411591378128e+00
1.491768812693842206e+00
1.417443811759659278e+00
1.369546472544011628e+00
1.411788283309335590e+00
1.446334292444856562e+00
1.436064343372875696e+00
1.561668816264040860e+00
1.613178184636829826e+00
1.627173927821317090e+00
1.643333822923405796e+00
1.657786167233822106e+00
1.597611481985242277e+00
1.635960173830449449e+00
1.736460676920383639e+00
1.779100829897988678e+00
1.866036098168452728e+00
1.852750381091469833e+00
1.762484862999348145e+00
1.783333948246838663e+00
1.805392390824365867e+00
1.941142701049458408e+00
2.015107513746147383e+00
2.020342986226016269e+00
1.902175223564003037e+00
1.801504418344088254e+00
1.786154207871950561e+00
1.737042133463407634e+00
1.809316719277532792e+00
1.848384261598150946e+00
1.857756083479579878e+00
1.882046859817795958e+00
1.933499690669706617e+00
1.872156391881657500e+00
1.854751699287546352e+00
1.866376523542925270e+00
1.858422713375716961e+00
1.835303440196482949e+00
1.871865737005570463e+00
1.851402778092975598e+00
1.917844217485298763e+00
1.897478024778476380e+00
1.937699709935142289e+00
1.947289980324364622e+00
1.932636656665552177e+00
1.889025829674784829e+00
1.985233871348629053e+00
1.991098482445514239e+00
1.959281522757376770e+00
1.866009107327342820e+00
1.889487002976199648e+00
1.853781255854481502e+00
1.874589333864858487e+00
1.940829787909040816e+00
1.913845817734702859e+00
1.942280676699702502e+00
1.933021587793969598e+00
1.881378482487555459e+00
1.863042823326784614e+00
1.883455813491196951e+00
1.865344317020014797e+00
1.897129602097600065e+00
1.919171128454513209e+00
1.908048130504823137e+00
1.934188673014371807e+00
1.939740845309274375e+00
1.949045644256455656e+00
2.016287529920255839e+00
2.000919321369801551e+00
1.986362552910576840e+00
1.954037563171368008e+00
1.943145811379960008e+00
1.954676729403542534e+00
2.043067962688943862e+00
2.017599360840253819e+00
2.044563947464260512e+00
2.065783817409823975e+00
2.166791292539620439e+00
2.178707017889435882e+00
2.221805353911171288e+00
2.181093883625969454e+00
2.177742546494422005e+00
2.198862244900512852e+00
2.232417407771265072e+00
2.178335123741878210e+00
2.157460585418195187e+00
2.063136201031900097e+00
1.999540335422780091e+00
1.922551891805060142e+00
1.888650523768532263e+00
1.948234347836739211e+00
1.879814785159005908e+00
1.850885938163606692e+00
1.852499171817711954e+00
1.858532210109726579e+00
1.908908453689075690e+00
1.934821233353474224e+00
1.910942884192710522e+00
1.825919424563801741e+00
1.897403374291271261e+00
1.865737428547035615e+00
1.898263656291705681e+00
1.972186887063563487e+00
2.027908856338628496e+00
2.065228394328721517e+00
2.086365583199730533e+00
2.038193952391865960e+00
2.114207837903120168e+00
2.113004214475548981e+00
2.092535790477382029e+00
2.072399427074469447e+00
2.037583641123004163e+00
2.008061426752295819e+00
2.044045904605623409e+00
2.122066814665884760e+00
2.129921196338526723e+00
2.058126018025886239e+00
2.024619885910730499e+00
2.148063778673150903e+00
2.091252228089784282e+00
2.088689271312503148e+00
2.143982055326554281e+00
2.206233429730320328e+00
2.159672002812965452e+00
2.105136883263324599e+00
2.078229324414121226e+00
2.083183536666603608e+00
2.063634517735525975e+00
1.985676311161048035e+00
1.940007099800989288e+00
1.935954232583842582e+00
1.924579557697121190e+00
1.826809813413745154e+00
1.932976151009137222e+00
1.966485172833060346e+00
1.949722229258381345e+00
2.008398454060353000e+00
2.002002155905683534e+00
2.021184356030971241e+00
2.093292094604230602e+00
2.021692746221018133e+00
1.983159935865641987e+00
2.057600277733841132e+00
2.135831359456326517e+00
2.025941927041270851e+00
2.078494394604089468e+00
2.182770099562504562e+00
2.187580775409823097e+00
2.091108861399006091e+00
2.113147787266859812e+00
2.114821051337380187e+00
2.065312523091697550e+00
2.071187483810231100e+00
2.097972595776884219e+00
2.121760183222749063e+00
2.202702984264002684e+00
2.206371402555689532e+00
2.212809492678250667e+00
2.174853657078593017e+00
2.197718213051565783e+00
2.193726154612416934e+00
2.181748085116625102e+00
2.228873164061132783e+00
2.203477393645187021e+00
2.142975401891170861e+00
2.162037942928707324e+00
2.069996880129417960e+00
2.086165977268043203e+00
2.114237026411270648e+00
2.109306700388617006e+00
2.121432972796794658e+00
2.034455925750052074e+00
2.015290054372970374e+00
2.019391040188230679e+00
1.985071497128812812e+00
1.871410855450273081e+00
1.836973846568921154e+00
1.795877859299469970e+00
1.832468406152468754e+00
1.768072381754365541e+00
1.715847062356641972e+00
1.764775252740206524e+00
1.855195370522581877e+00
1.877818248681730084e+00
1.891162169536774851e+00
1.882182886024071244e+00
2.026655338118376282e+00
2.022932001135285152e+00
2.036900396634417909e+00
2.054839906240787606e+00
2.067711546141307810e+00
2.157604730453714037e+00
2.202967330746784302e+00
2.221010384130185589e+00
2.208114620446900656e+00
2.179768850727831442e+00
2.124582566062820810e+00
2.043428931338855392e+00
1.979821060205693373e+00
2.046836070322052947e+00
2.054242430583730350e+00
1.991442285117314137e+00
1.908741853262620802e+00
2.023200676787327623e+00
2.068000377571548309e+00
2.087013105636371879e+00
2.068912428030654560e+00
1.977322451816278859e+00
1.979952684919747297e+00
1.975643592181263619e+00
2.009844696215872695e+00
2.101658365711689402e+00
2.193010374107500660e+00
2.133000264746748087e+00
2.204992573416497237e+00
2.291991065146698148e+00
2.315643557605437941e+00
2.345454537079282087e+00
2.380713956486155247e+00
2.405110418283855189e+00
2.345959494448265126e+00
2.316018129441900442e+00
2.400881174616223745e+00
2.466288203995831818e+00
2.447319205909444850e+00
2.470721399284454556e+00
2.469959547057146931e+00
2.424854420442661862e+00
2.457432939758125379e+00
2.510485842569325943e+00
2.442933295668217486e+00
2.404687674957750154e+00
2.330253838226897134e+00
2.288691564602305384e+00
2.252078975151974749e+00
2.179835257605593046e+00
2.186760091304447151e+00
2.230339516140304568e+00
2.251641066831308269e+00
2.163683861030440081e+00
2.118981150906708244e+00
2.069202587386336223e+00
2.101341098897691939e+00
2.145576645862543153e+00
2.149179674851963373e+00
2.127869099071700631e+00
2.124922618807760788e+00
2.091437064506573407e+00
2.042661489733130331e+00
1.962257210716926936e+00
2.000861666093700642e+00
2.006636336634285200e+00
2.053758477340689836e+00
1.994572493806820557e+00
2.076203662673545391e+00
2.038303281940510914e+00
1.943550725521401734e+00
1.876318101547804762e+00
1.921632156614445641e+00
1.974930709532373818e+00
2.021005572959194918e+00
2.079727134348284157e+00
2.067932974738717178e+00
2.011308103950061099e+00
1.894134786275884386e+00
1.856700777486384402e+00
1.827369953154493354e+00
1.744917542317006021e+00
1.745051440219583139e+00
1.839627983146104651e+00
1.940575570729454302e+00
1.939921802610941048e+00
1.927358874144097678e+00
1.928320237539993709e+00
1.990434278768942633e+00
2.003765432457573326e+00
2.027962329097960481e+00
2.009412135555721957e+00
2.045132852730894957e+00
2.045569280742915108e+00
2.006780257211557394e+00
2.032182459441295386e+00
2.043430003837810371e+00
2.005242059235869068e+00
2.036624375773102180e+00
2.064565955224214377e+00
2.027013979459947546e+00
1.943132995195142820e+00
1.893766992784003955e+00
1.911332303533926469e+00
1.802989362725735623e+00
1.675215360821098232e+00
1.684843984434692743e+00
1.650917353395887410e+00
1.613718751894716252e+00
1.687209625994686713e+00
1.720427438909133411e+00
1.789827860783693714e+00
1.831583569486210150e+00
1.739916688341681006e+00
1.761038065130168695e+00
1.735721381567111310e+00
1.688019316621520050e+00
1.597441133274485336e+00
1.557913153928887962e+00
1.558800921791201777e+00
1.608954754217984062e+00
1.739289599078100546e+00
1.764192789543445272e+00
1.757753799650062509e+00
1.725585219842026063e+00
1.755473907993423177e+00
1.704571683831347162e+00
1.747690018490540842e+00
1.700051078824447837e+00
1.685666365978051306e+00
1.718191968216035592e+00
1.650391719691466141e+00
1.671571427871635596e+00
1.565746153188017686e+00
1.589521591302920811e+00
1.640815209987285472e+00
1.668577962694917982e+00
1.665191944913168909e+00
1.730744774178828438e+00
1.837121894059493998e+00
1.874478592130819354e+00
1.846551565443306453e+00
1.960650726922763099e+00
1.984206903953485979e+00
1.988064006485394497e+00
1.930010960262376063e+00
1.858067665361926801e+00
1.771266499664871930e+00
1.796829751076829851e+00
1.862950945051776941e+00
1.884398632895934789e+00
1.937289098940654375e+00
1.942414760659390449e+00
2.000564291283672524e+00
2.005835588828388971e+00
2.014686916826383456e+00
1.887491701165222135e+00
1.879375661505330752e+00
1.864761118356296876e+00
1.857347225530798562e+00
1.825625640362253055e+00
1.866511327045029756e+00
1.850152003750090923e+00
1.824956477049930026e+00
1.793300348929578902e+00
1.713219350716003841e+00
1.717077681784176635e+00
1.701755230892504578e+00
1.719921439510241568e+00
1.744242528540128179e+00
1.711057428677207337e+00
1.765360970985802025e+00
1.768825484230412970e+00
1.678987438438303670e+00
1.689885813161028816e+00
1.684657870163168925e+00
1.735706086886691146e+00
1.790926077831773711e+00
1.782649356144867303e+00
1.764324932501310617e+00
1.664478732008962014e+00
1.644607679270706058e+00
1.717659356240030188e+00
1.772458926728984530e+00
1.748238109122639106e+00
1.621571695970439375e+00
1.629295195553228881e+00
1.635607161290732137e+00
1.669278726902380328e+00
1.604041526080255853e+00
1.616796587333441559e+00
1.689130579273888877e+00
1.668200137006398132e+00
1.693223157482176111e+00
1.762525729701643673e+00
1.749642075867760660e+00
1.773164478940402411e+00
1.821778509450155514e+00
1.902732707874835727e+00
1.833440130535339385e+00
1.838348608741730450e+00
1.834097244214823341e+00
1.798741733334731974e+00
1.758511249489174588e+00
1.696705489807131650e+00
1.628327921229700825e+00
1.638311606365080442e+00
1.667571172592646089e+00
1.615130414324659203e+00
1.573353638462399617e+00
1.505108716954737691e+00
1.529307236476131759e+00
1.548098403991011285e+00
1.561644258943634123e+00
1.556062271539629727e+00
1.527592424400445292e+00
1.456265685893561201e+00
1.409306617064294054e+00
1.427174475311516311e+00
1.440792569972060289e+00
1.399522837587110269e+00
1.340634040762811452e+00
1.368395801629845199e+00
1.377671302198227421e+00
1.445115279005354525e+00
1.476365493608905233e+00
1.504317056090113347e+00
1.474240132611059906e+00
1.429473846823731353e+00
1.501250102667433417e+00
1.534533254337546504e+00
1.535515579685709397e+00
1.596555206525109183e+00
1.648165376574127983e+00
1.708049725161442600e+00
1.677500656979104665e+00
1.671802732636020972e+00
1.656993459552775771e+00
1.636875985628640562e+00
1.670070457278540532e+00
1.658971286371230036e+00
1.686607501340844806e+00
1.708897682856132194e+00
1.651657009105073737e+00
1.656209614449415390e+00
1.587739580250581151e+00
1.565784915146701151e+00
1.554920835786733679e+00
1.551618843566714645e+00
1.522234049334993289e+00
1.544238868929526776e+00
1.598414905353540139e+00
1.567286446615736573e+00
1.577671176980963930e+00
1.522064399091463516e+00
1.502405414392418814e+00
1.429494902951730761e+00
1.403697914407558534e+00
1.478570375021163175e+00
1.523534462010800672e+00
1.479155191398372482e+00
1.543087485840245243e+00
1.498697051550056392e+00
1.539388448106625118e+00
1.572303551356760698e+00
1.564277962314430725e+00
1.558853061660618655e+00
1.508574282118065435e+00
1.416576248747660971e+00
1.403475656638839997e+00
1.400749170595672055e+00
1.324217133950644554e+00
1.345691131345091218e+00
1.368364266007838559e+00
1.362936801847442148e+00
1.383056380740729230e+00
1.385847373802862492e+00
1.387453732482945012e+00
1.467040297771213364e+00
1.424392508812839298e+00
1.427410546275296399e+00
1.500971148336176064e+00
1.528558878739791016e+00
1.532566782238496739e+00
1.513710151514573443e+00
1.487753530451567885e+00
1.449333053708810715e+00
1.433813371992340935e+00
1.337925115843989543e+00
1.330650956152748421e+00
1.335187411067497054e+00
1.251128607094358580e+00
1.249584188140194785e+00
1.214469343739690066e+00
1.191865876847184147e+00
1.200976488896627892e+00
1.138538798416337539e+00
1.192975597756021910e+00
1.272406902008852203e+00
1.231807681283798805e+00
1.085955856825154608e+00
1.020089848576737568e+00
1.099021348819997801e+00
1.148287798310092978e+00
1.092671199412284855e+00
1.130071789350317601e+00
1.135229243115360998e+00
1.040587392376060238e+00
1.001369243930245068e+00
1.093580032979051486e+00
1.147088498704609050e+00
1.139322641212565435e+00
1.125464921477637548e+00
1.103336059049893514e+00
1.159530883249819011e+00
1.228795944167669463e+00
1.314788355980262446e+00
1.318725894510716090e+00
1.295025180790565278e+00
1.243012612302828002e+00
1.217785787308274248e+00
1.128711086540852060e+00
1.062306805452612135e+00
1.050480729510682387e+00
1.011450078660632856e+00
9.961897288273927620e-01
1.116972208760212526e+00
1.077093410839985665e+00
1.022901239434491849e+00
9.484438957914445023e-01
9.477638049214566207e-01
9.525066998034762422e-01
8.954320178447197076e-01
8.735100867164254934e-01
8.904643508217241488e-01
9.728098953289834316e-01
9.777058798135576101e-01
9.750878671066934844e-01
9.371590582938027492e-01
9.786555944572333798e-01
9.941113030963539821e-01
1.000800772667839844e+00
9.995092097091914374e-01
1.077141663405715155e+00
1.111467652539225970e+00
1.087553011901470024e+00
1.120372071075667941e+00
1.094641410706901796e+00
1.041505262567062884e+00
1.005479294775489807e+00
1.008351023264733026e+00
1.020351456443239435e+00
9.886982291757564489e-01
9.121577359334924751e-01
9.031402692305214863e-01
8.874917467942063931e-01
8.692598243354344723e-01
8.869213295371189965e-01
9.159321720899795682e-01
8.588880793166749905e-01
8.552668906453498865e-01
9.196148781969336605e-01
8.805589155800634948e-01
7.981693554677568025e-01
8.112092141640642184e-01
9.024044514223629188e-01
9.371088553028021906e-01
8.963352449768070551e-01
9.602474277198983499e-01
8.704611340599740510e-01
8.172179715770191422e-01
7.582161856310573045e-01
7.791957373876938764e-01
7.628931865478210117e-01
7.865131696508116388e-01
8.739916731174358633e-01
8.301150680315249053e-01
9.132068616665188765e-01
8.680746369357887904e-01
7.741150136822916306e-01
7.488626676526812798e-01
7.292228081335739853e-01
6.591174776027401983e-01
6.943628398483229214e-01
7.195849668972718050e-01
7.047633224969060972e-01
6.840933673356041078e-01
6.423500412423320816e-01
6.178968713773386190e-01
6.569268183919135806e-01
6.730635745310530327e-01
7.692023891797884483e-01
7.598334908512365260e-01
8.306637897665737347e-01
8.080996088612828476e-01
7.447913352111316110e-01
8.082128130524917076e-01
8.270755686551739538e-01
8.394543603703901180e-01
9.020587729236720920e-01
9.225698870899333714e-01
1.003904773797251293e+00
1.074293606290189995e+00
1.141095571321711688e+00
1.047760014637527659e+00
1.016669685820306590e+00
1.131880867476973807e+00
1.194373840369446160e+00
1.202781479026497014e+00
1.212457731760640867e+00
1.127789491006718103e+00
1.085877768243883157e+00
1.000381467524877888e+00
9.742289300742026370e-01
9.314367347991855395e-01
9.313198879228891114e-01
8.734699962731422573e-01
7.551024608903424973e-01
6.900197076951172237e-01
7.101121471700472254e-01
7.248348300443386849e-01
7.589752363481604425e-01
7.543447557891369559e-01
8.012586845546593173e-01
7.237449623507982155e-01
6.985441272718702077e-01
6.596299787833749262e-01
6.804924462824296638e-01
7.211081316024181564e-01
7.242277443028075634e-01
7.005259862353266920e-01
6.390778253514938223e-01
5.388997950014328131e-01
5.611859459137520378e-01
5.389236789602747102e-01
5.085414034315780540e-01
4.857789807363713241e-01
4.701032273997135524e-01
5.422507541940646547e-01
5.560836850046281254e-01
5.299245996633379363e-01
4.690344592208996466e-01
4.351742468702908817e-01
3.948661435657081498e-01
4.161965519296370042e-01
3.621427340109372173e-01
3.063497226155911801e-01
2.747307451888795216e-01
2.298086123570129147e-01
2.514261376150710436e-01
3.235936132658771558e-01
3.396324014251635992e-01
4.929213007815290148e-01
5.313617060083092314e-01
5.544970254444983038e-01
5.542684981396553967e-01
4.947222086834008326e-01
5.352063830934281619e-01
6.262369862366807816e-01
6.854483110264779633e-01
6.993131130512089122e-01
6.837529419765031591e-01
5.965652625488325755e-01
6.450556346742858382e-01
6.069928534402510012e-01
6.098375816678865968e-01
5.933101127749141890e-01
5.708024241211113736e-01
5.483471833562325592e-01
5.663943453233227787e-01
5.342723353192081470e-01
5.174510816064950003e-01
4.946271960762151920e-01
5.229097541444628350e-01
5.111114732794070914e-01
5.888346307664367174e-01
6.444918143104568786e-01
6.762665557707335795e-01
6.582138888084639872e-01
7.176895827802575178e-01
7.697312786109729021e-01
8.538928359428304971e-01
9.019906361530687366e-01
8.602122073770301913e-01
8.761749891543469948e-01
8.344476065634720552e-01
8.643632085360232198e-01
8.988407060567636941e-01
9.330987856624425314e-01
9.825621325781678239e-01
1.047510517329786062e+00
1.151527778107338529e+00
1.116736046484704481e+00
1.144980660021638563e+00
1.163436543365212072e+00
1.183825863571019266e+00
1.212507018063053499e+00
1.244978986345324223e+00
1.282833999684316773e+00
1.242345796825112147e+00
1.285832791835200606e+00
1.250380065070104907e+00
1.268627926889509538e+00
1.313446604440845711e+00
1.319652303269222671e+00
1.313167711859610787e+00
1.234014747617334873e+00
1.269872600496415593e+00
1.181512014213504713e+00
1.225567812273514301e+00
1.350182508586284191e+00
1.367473156427462033e+00
1.364905971144635410e+00
1.298023207825436121e+00
1.274642634251552220e+00
1.224217313214236436e+00
1.235758766679658560e+00
1.191773727303608199e+00
1.181274975656734894e+00
1.216799265476801839e+00
1.207717749497662973e+00
1.250696672272554100e+00
1.221407813246488727e+00
1.130963325618818072e+00
1.096559614736582589e+00
1.037563848944822897e+00
9.836174927482320696e-01
9.796265024354332551e-01
9.833357738622550137e-01
9.718002455358688563e-01
8.757968602125651980e-01
8.746451448699497089e-01
8.246242575553517362e-01
7.566109722143092853e-01
7.424377686698316881e-01
6.970523369112304746e-01
7.321715187918854673e-01
6.142455363760789266e-01
6.325426612609083010e-01
6.846976564470336202e-01
6.549504665990951713e-01
5.875940047578912528e-01
4.936730634533936790e-01
4.789403303947710744e-01
4.313706368783939427e-01
4.180015682443490310e-01
5.266478202563338318e-01
5.977475871045565547e-01
6.377321792063866956e-01
6.729996251449373856e-01
7.082513139788912948e-01
7.234219213071190202e-01
7.607592255973768536e-01
7.486790015816773280e-01
6.778844809576229924e-01
6.416487548509416383e-01
6.848951892527944674e-01
6.611352065064471928e-01
6.674888852348838109e-01
7.082535378994810893e-01
6.899240503612978914e-01
6.131209915858137904e-01
5.728064290918883916e-01
5.256757218390939457e-01
5.266451442423076834e-01
4.024481064339263670e-01
4.292197430168272487e-01
3.942262519496158024e-01
4.297713407499765270e-01
4.113026785787071149e-01
5.016023143790530048e-01
6.246658638921240847e-01
6.791765175549241418e-01
6.921970565985263724e-01
5.875359955925867350e-01
5.678035490904862481e-01
5.690543314011152765e-01
6.405838938779524483e-01
5.816484750445195528e-01
6.115631565817415405e-01
6.270573816531223033e-01
7.266986994771252872e-01
7.910910338994235902e-01
8.562143698504643963e-01
8.333780967106972914e-01
8.091968743676112297e-01
8.152349079621635797e-01
7.497699800874195741e-01
7.093033836766554634e-01
6.650825315108783720e-01
6.747110565187495190e-01
7.021809159468490602e-01
6.450843355256625777e-01
7.550595617285265071e-01
8.397593503030005291e-01
8.400539003514094771e-01
6.923852654365315606e-01
5.866818317185337195e-01
5.854871803727870194e-01
5.780976019138900357e-01
5.978682474762029297e-01
5.710835072827712411e-01
5.141193121655505127e-01
4.963076929421665895e-01
5.641361190694748062e-01
6.068966202514293196e-01
6.377401340177065725e-01
6.792010618665683674e-01
6.679360384476447088e-01
6.648895266145176119e-01
6.458660030316560885e-01
6.188681650959063640e-01
5.185594962934013674e-01
4.835865637669146677e-01
4.525713562631611397e-01
3.756084082488570508e-01
2.593005462414251228e-01
2.593554862525326299e-01
3.247990240470324252e-01
3.548092127017463682e-01
3.326392933729467871e-01
3.370249559699841080e-01
3.632047781251476759e-01
4.623184582187970237e-01
5.773546911489018107e-01
5.537555727002250183e-01
5.636649921204562874e-01
6.628253948342150981e-01
6.626959514201770096e-01
7.093157348739547174e-01
7.013538915292120146e-01
7.151532419662258722e-01
7.262599415130627234e-01
7.206687801190952980e-01
7.091118854246399872e-01
6.889353839305095706e-01
7.097780931954168482e-01
7.275664311410532381e-01
7.249536360006495483e-01
7.562382197250954174e-01
8.194714699696145077e-01
7.525062500527995857e-01
7.208091168905316204e-01
7.996199297134736206e-01
8.720911453246197320e-01
8.498303739063707285e-01
9.187021984200439695e-01
9.548318315767837516e-01
9.735255321741455026e-01
9.261405909627501432e-01
9.298329545610165559e-01
9.593681773977117411e-01
1.015636122189189861e+00
9.254807787478223080e-01
9.145400772033439596e-01
9.863358085630468119e-01
9.939418209957477934e-01
9.605724797494815670e-01
8.787937459932673168e-01
8.326354896056269439e-01
7.771637219431455357e-01
7.165852559207065431e-01
7.531320513759727220e-01
8.551002216914982412e-01
8.756367806421014865e-01
8.692625372097715353e-01
9.578188494601225234e-01
1.041007503849394444e+00
1.048341384280474964e+00
1.007196842399253667e+00
9.255350979787451138e-01
9.355508873972954165e-01
1.008627627193074749e+00
1.067189492026505926e+00
1.038722156477033254e+00
1.054761603990377328e+00
1.079823328908692481e+00
1.171400332095530183e+00
1.203852490114994955e+00
1.166429463691579294e+00
1.079274599016010638e+00
1.082175951791662261e+00
1.035455436039327548e+00
9.697118807350866287e-01
9.891672872402867966e-01
9.770948380502783026e-01
1.036737219950620403e+00
1.053443844174895894e+00
9.861440495880088308e-01
9.741657866721263881e-01
9.814730718659681052e-01
1.029067762091799620e+00
9.865205775140840627e-01
9.798307582412563166e-01
9.819973241161999988e-01
9.957562683247440649e-01
1.034876600416819059e+00
1.063301921569914876e+00
1.027490074608461201e+00
1.040212707772556255e+00
1.045962634111083034e+00
9.684161037562165619e-01
9.763214122806974649e-01
1.083728054684012232e+00
1.082329647524161276e+00
1.105565990736192328e+00
1.060114821555651066e+00
1.051884411592689972e+00
1.078251377107309894e+00
1.066106751256975960e+00
1.102664747689431790e+00
1.092805137515625358e+00
1.203683678141859392e+00
1.199633223919626346e+00
1.235017265710558032e+00
1.248471135273899968e+00
1.192611199150677592e+00
1.163943432075754902e+00
1.174450548569889063e+00
1.141738604582389849e+00
1.174818017093612221e+00
1.120004781422480722e+00
1.105805718692552952e+00
1.049067541154515615e+00
1.046885320047849843e+00
1.100232309179426604e+00
1.118805826666403824e+00
1.069086392703280097e+00
1.009983809745631067e+00
1.023429397400372753e+00
1.028655962592903483e+00
1.054068255543317401e+00
1.033015726737434248e+00
9.746330897969567308e-01
9.257963388047534270e-01
8.177730739424581285e-01
8.718727813617497269e-01
8.144550877988362414e-01
7.865508674162363656e-01
7.600117204809707649e-01
7.778239511104442228e-01
7.644962187552635235e-01
7.464792100651492790e-01
7.038026314753971224e-01
6.791595011786280001e-01
6.081572316883147034e-01
6.028388814538823137e-01
5.759794142665742855e-01
6.432635180354885351e-01
6.559798498815552215e-01
6.839482668658932729e-01
6.899047691404969207e-01
6.184288680422409534e-01
7.168784622650122840e-01
7.508704051796032397e-01
6.741111409542396293e-01
6.842443805089900577e-01
6.716872187853724085e-01
7.183881811194587907e-01
6.935950965570345517e-01
6.403154545339307946e-01
7.328438964051087190e-01
7.624133340449574803e-01
6.619722006701090899e-01
5.425192894801567078e-01
4.905619380187100087e-01
5.777663178975956937e-01
5.706346721868201799e-01
5.442638125391424664e-01
4.412213632811886610e-01
4.077355874894466048e-01
4.122719919718325077e-01
3.316232325977582773e-01
2.649623434067553962e-01
3.241384622083166578e-01
3.479865144246862552e-01
3.227079993093895927e-01
4.303503614045435799e-01
4.771494156973233869e-01
5.192975395021394158e-01
5.277045557505478657e-01
5.144191805249114235e-01
5.381200388801234968e-01
5.273222966076083207e-01
5.065467215297633219e-01
4.637423205304593288e-01
5.461263499728524762e-01
5.513373315254931351e-01
5.331818476472258705e-01
4.933066222298148062e-01
4.617739476770705287e-01
5.200110220667713001e-01
6.201436273069708127e-01
6.205188337764273587e-01
5.163639460904654310e-01
4.388023934176359386e-01
3.764818476930915092e-01
3.697968861607989211e-01
3.715092149404858879e-01
3.904192600232456178e-01
3.690269256831439360e-01
3.916926262211612442e-01
3.171791954120393164e-01
2.794128016775612178e-01
2.532253358308778624e-01
2.288402492934487054e-01
2.261549873101271479e-01
2.185018862936990713e-01
1.768481235003511454e-01
2.107283134635359323e-01
1.543374548327581530e-01
1.544121885506214709e-01
1.808473287250816630e-01
1.651870126502996972e-01
1.611907562133303995e-01
1.315924483797336064e-01
2.194947210784932781e-02
1.419060907828954832e-01
1.127090457960758657e-01
1.415465231853504369e-01
1.359772640074765615e-01
1.030445599709887000e-01
1.275844429842274419e-01
1.443738570091331885e-01
1.321567242123602715e-01
1.503083644785870310e-01
1.954000828919041921e-01
1.637264948955101385e-01
2.527081490106437012e-01
2.846197753592012991e-01
3.356266270701176446e-01
3.053190101567395676e-01
3.056412513304571643e-01
2.626426723243736605e-01
3.211260204834629484e-01
3.130649074222630612e-01
3.422972336333000021e-01
3.148470598383613650e-01
2.529912994112051838e-01
2.315186568906605069e-01
1.880712756681063302e-01
1.637630982281558512e-01
1.239800121620365514e-01
7.380858082289773470e-02
5.933299129610138806e-02
7.478679928838577462e-02
9.487112262950149477e-02
1.630994790809961736e-01
1.464450699021166979e-01
1.450164102295863899e-01
1.954506610490917839e-01
2.655783344897364451e-01
2.592128082335651840e-01
1.980611189078531065e-01
1.538263754084537027e-01
1.459261891402188482e-01
1.479006622233694224e-01
1.307565516738075084e-01
1.108926703261234464e-01
2.862790140482648904e-02
4.959748689114300974e-02
4.568715603862502639e-02
6.122631834003191414e-02
7.813839244452372435e-02
5.749082233154700211e-02
1.097116671021634154e-01
8.088935819541818312e-03
-5.882040417904699919e-02
-5.535341957651480210e-02
-1.125677256324564418e-01
-2.350527720049255809e-01
-1.369904907948381323e-01
-1.266159195924363989e-01
-1.366219799591394113e-01
-1.204142686804037105e-01
-8.008487026511035278e-02
-9.169023179969069265e-03
2.952133209754147225e-02
-5.112002202383394978e-02
-7.259622987150999261e-03
6.790430512350388581e-02
4.860481035461122062e-02
1.646851000138399856e-01
1.216146734330470353e-01
9.678376690923241876e-02
1.555896061854420975e-01
1.489840037628425706e-01
1.515307436156381748e-01
2.724878627424660027e-01
2.691020031647832211e-01
2.476445059184091135e-01
3.193317958263527934e-01
3.696884478061601143e-01
4.153028519563769505e-01
3.617280318401408512e-01
3.573705823004985072e-01
3.670054148236307490e-01
3.820938388837857302e-01
3.215184658813034502e-01
2.954678364099771470e-01
3.326215999234855003e-01
3.342576604683596408e-01
2.994782470677113673e-01
2.435273547907627900e-01
2.073498009563675692e-01
2.866774882192700824e-01
2.847438767090064160e-01
2.171742338989395282e-01
2.222396869438816591e-01
2.207963836046980544e-01
1.480686758179873830e-01
1.062647382140255309e-01
5.918413254688534991e-02
1.085825547839424331e-02
-1.323886873304990115e-02
6.079123808671944157e-02
8.596784361416638653e-02
1.449959040814015054e-01
2.399544245022861011e-01
2.397521479625768781e-01
2.183307788036800423e-01
2.304554674424595107e-01
1.794548653841623043e-01
8.835257907437621405e-02
4.639875853280287649e-02
-1.685152901576805274e-03
6.500880064572925332e-02
5.060154853863588209e-02
-2.037536398375522362e-02
-7.841938144072993500e-02
-1.159359452193647333e-01
-1.465772343334653949e-01
-1.817980125762899690e-01
-2.396566316394875551e-01
-1.722930397464838559e-01
-1.829576726831368683e-01
-1.811690879383296426e-01
-1.769265711637899308e-01
-1.390450475113367002e-01
-4.133454125704303511e-02
-2.698062520872680781e-02
-2.845361354822159572e-02
-9.108808422336278285e-03
6.089374561096279337e-02
-1.991745846591102403e-02
-1.798039536828349716e-02
-3.363588361658862401e-04
1.078281847317507508e-02
5.209661708847716094e-02
-5.686017248451519582e-03
-2.992456468277328654e-02
7.724952725688277733e-02
2.290745753837151316e-02
3.704930478726763121e-02
-7.431280714237828433e-02
-1.660629761592643042e-02
-1.007135514871610252e-02
8.864529726801452514e-02
1.193233954033530997e-01
1.141986200484779723e-01
1.190086260840242383e-01
6.230979502657060104e-02
7.168691920966388520e-02
1.317809870456395638e-01
2.129980920233648656e-01
1.724067509082344019e-01
1.586736339909226856e-01
1.396180448451986023e-01
9.758832484814315700e-02
7.961297340169369574e-02
1.464583761213324176e-01
1.411465670688158147e-01
7.842893966240069292e-02
5.868621590265364618e-02
6.939617090723311510e-02
1.145517537980649259e-01
6.288494659782639662e-02
1.386804229544754731e-04
5.318458775790209370e-02
3.594460819620220061e-03
-2.343525678916639349e-02
-1.109540163259441353e-01
-9.121159113426317855e-02
-1.747771318265078921e-01
-2.332878572830742459e-01
-2.390332730448356535e-01
-1.944800854350323405e-01
-1.396347931460080183e-01
-1.506885017159456386e-01
-1.691083875353647237e-01
-1.081187644117761748e-01
-1.008532197031239419e-01
-1.051181366079323165e-01
-1.414494792366949305e-01
-1.711045418163563703e-01
-1.119194947161002013e-01
-9.414425609817632379e-02
-5.346744800684519877e-02
1.645465815315334162e-03
-1.825714384059347328e-02
-6.742256670518566308e-02
-3.229315408565185813e-02
1.325858609251475296e-03
6.276523717799072088e-02
8.797460658351499707e-02
5.570297034620103754e-02
2.629067552355099716e-02
4.355834262924355299e-02
9.226001969049242926e-03
2.089816728233910917e-02
9.470329958777495838e-02
9.720487644083430911e-02
9.563059215278384151e-02
3.531081948303946977e-02
1.321852309722440673e-02
5.401017705753096559e-02
-3.648022555927954436e-02
-6.925292479165817694e-03
1.291918094691823539e-02
3.459967097287067195e-02
2.313828608545490453e-02
-4.684427608006837274e-02
-1.203479780756290113e-01
-1.162217792319205079e-01
-9.962792764110522947e-02
-6.990710125164864563e-02
-2.681308593827305686e-02
-3.074670444558679980e-02
-2.200170575793327851e-02
2.024879015315239617e-02
4.966819076617346070e-03
-2.074907309726006441e-02
-1.618423615231560919e-02
-8.644250108284230738e-02
-2.314393407534331981e-02
-7.595761680688264961e-02
-4.789281745294789866e-02
-5.066010925528391384e-02
-4.357386554061704054e-02
1.302470133093307225e-02
6.955672331752434101e-02
1.154266776719213433e-01
2.283838951358337921e-01
2.505491808730443415e-01
2.791336624325108651e-01
2.990522153983078968e-01
3.366171668259306804e-01
3.737699777999211603e-01
3.501078671315125956e-01
3.884429675238478263e-01
4.213401863057932850e-01
4.216118419204699652e-01
3.918129702970277739e-01
3.271204709859064641e-01
3.834659548840473331e-01
4.171193782115760751e-01
4.285657383550958710e-01
3.743468382050282872e-01
3.257147457636553334e-01
4.128302336892269997e-01
4.294412595863098536e-01
3.866139784328305740e-01
3.363277677967596024e-01
3.602783099534134226e-01
3.747831480165253470e-01
4.256781803602222580e-01
4.780933568989171323e-01
5.087489097273368843e-01
5.559521979997301688e-01
5.527465376151137200e-01
4.904509145622928945e-01
4.829652440956880843e-01
5.043435743233226631e-01
4.518333675192447996e-01
4.038953779447054249e-01
3.876613057078070468e-01
3.999131181068489860e-01
4.100438140106363871e-01
3.889575001205880511e-01
4.025641797687835588e-01
3.702914037464929975e-01
3.883897347703816894e-01
4.482775584174691907e-01
3.797161348212899079e-01
2.769937847202422754e-01
2.424087057529023259e-01
2.373438144024136998e-01
2.294601852234087469e-01
2.722716279801805639e-01
2.411555214890486742e-01
2.331872609617931524e-01
2.664348007044220479e-01
2.508679813577381346e-01
2.520234723672821753e-01
2.476185909589734002e-01
2.487979510291078722e-01
3.071008760192728837e-01
2.466445266350751897e-01
2.191318374549201253e-01
2.070693992417373119e-01
2.144708486266567182e-01
1.679388368606100634e-01
1.918611519034726376e-01
1.927544693032174350e-01
2.328621776871467874e-01
2.577640742880640823e-01
3.104517086941958048e-01
2.571364095398443461e-01
2.531221951836036821e-01
2.003929687850482255e-01
2.151678728417578124e-01
1.860182747818889537e-01
2.069902709958294507e-01
1.497418924933394124e-01
1.126463410649507918e-01
6.638554149211398081e-02
9.538113035923737049e-02
1.402066331893287998e-01
1.320750942197613242e-01
2.020690768764882850e-01
2.196183175164464485e-01
2.808680552113329565e-01
2.930698494204651561e-01
2.253682054542286983e-01
1.973828385096825788e-01
2.205015026483848062e-01
2.096902901370229777e-01
1.329161003776234140e-01
6.838468672206947374e-02
3.991409845803875478e-02
-2.101086630280526654e-02
-4.567464766867999904e-02
-6.130255646906915268e-02
-8.739248022814262440e-02
-1.216755661386602072e-01
-1.385611162200144630e-01
-4.393330968507994094e-02
-8.324742170338778058e-02
-4.057664691993181916e-02
-4.409514048003528724e-02
-8.516118420712330550e-02
-6.661842893990786718e-02
-1.071368902368486919e-01
-9.464717940695170639e-02
-1.199046706717871030e-01
-1.405290969925010458e-01
-5.650868018487785471e-02
2.382535400320694510e-02
7.276107952576850446e-02
1.594999878267959817e-02
5.216343715403692904e-02
5.917381079749368250e-02
9.038346527575184808e-02
8.779275499008477868e-02
1.419832824129580728e-01
1.462310091900398956e-01
1.588589442127614493e-01
1.251514082936142913e-01
1.822421367975433637e-01
2.368420164392716631e-01
1.791897027519847863e-01
2.259867008887519457e-01
2.494582967249023564e-01
1.957233536057754741e-01
2.301701770020315452e-01
3.233726052011206553e-01
3.599233484193920529e-01
4.398477758279284999e-01
4.129956401616214356e-01
4.329641789595680135e-01
4.051591148512813656e-01
4.039176507733777122e-01
4.119600098336444471e-01
3.906545745199898056e-01
4.461891519737435918e-01
4.508509133546613756e-01
4.181454386386602162e-01
4.819761937062618795e-01
5.536834359317938103e-01
5.443154068696216541e-01
4.868481630620067335e-01
4.785106333155113578e-01
4.886990914184012880e-01
5.330478922872420311e-01
5.743609423970036376e-01
5.711743861429466884e-01
5.595049235256691622e-01
5.624102780498474452e-01
5.542934094593851002e-01
5.414708458742348851e-01
5.259581950269289763e-01
5.221571620260536672e-01
5.528565399062339569e-01
5.786179877529826765e-01
4.995967717213812276e-01
4.130680126138582819e-01
4.348138080012780571e-01
3.913231222072269255e-01
4.140259670888055132e-01
3.114080213959761201e-01
2.844056881842034756e-01
2.345556061758594102e-01
1.949292706295107647e-01
2.357756361003304491e-01
1.856992098124286283e-01
1.449478301054323015e-01
2.011954426194697831e-01
2.048004267763516573e-01
2.432582490768423200e-01
2.358780896608762001e-01
2.498800529340463594e-01
2.157196710717048105e-01
2.056427502487244430e-01
2.424218039069788722e-01
2.861281541631675585e-01
2.601635420146977684e-01
2.264834312855934784e-01
2.495013562217551495e-01
3.078601537297099844e-01
3.024529715890973414e-01
3.089932068175356705e-01
2.446966970875524838e-01
2.404967371686438926e-01
2.627046550498601252e-01
2.247610569652378487e-01
2.126752016068884088e-01
1.971181184220703320e-01
2.431537304126963062e-01
1.580260555538990364e-01
9.392427244369019879e-02
-6.297505625038545343e-03
3.984536268766571826e-02
5.396127921950107098e-02
6.694841615514715571e-02
1.090203207040174871e-01
1.223471028111106917e-01
9.435510644519586043e-02
2.258597606868735855e-02
1.289777874544448255e-01
1.733416718819756897e-01
1.869982535811243185e-01
2.334872887552430776e-01
1.780640993142961204e-01
1.942855080608748841e-01
2.559953638242847274e-01
1.555608839996623916e-01
7.841400670966346131e-02
3.338513751959111542e-02
3.153751925146960206e-02
4.915453911238734652e-02
1.417607199665210128e-02
2.800656692082055185e-02
-2.985319424789627599e-02
-4.007839190809358437e-02
-5.279418090156625526e-02
-7.859802273197281919e-02
-7.575950475094601899e-02
-5.497621222041691735e-02
-1.095440863359787020e-01
-1.644735206994878407e-01
-1.455146651443705308e-01
-1.374019103283783960e-01
-1.229555451923436543e-01
-1.212410672000518025e-01
-1.794968068614060386e-01
-1.940041448787142020e-01
-2.432557812003207920e-01
-2.600662212560482800e-01
-2.966761279618601588e-01
-3.382900297289244129e-01
-2.768212063834102343e-01
-1.754595838370991701e-01
-1.299080714659896219e-01
-1.800107729500131926e-01
-1.190419839513122829e-01
-1.179359185541243860e-01
-1.134935734572666138e-01
-6.557224253538729286e-02
-2.730955125473358974e-02
4.915265055485271845e-02
3.417572099902896517e-03
-1.440849371358861597e-01
-2.141290408913144594e-01
-3.015142499247562280e-01
-2.809972165032587621e-01
-2.521916913392163728e-01
-1.522458742054007275e-01
-1.819381536165174396e-01
-1.370628319657755390e-01
-1.216652773670473114e-01
-1.357445833560355364e-01
-2.032307982979860150e-01
-2.746114365812066249e-01
-2.149010787048708793e-01
-1.950968585477591000e-01
-2.324203026604467204e-01
-2.438398934496907866e-01
-2.715413087529340852e-01
-2.856588617635814065e-01
-2.550881293602558220e-01
-1.771103012682070377e-01
-2.151552061469262922e-01
-2.596686664931025512e-01
-3.252484447391335576e-01
-2.559376157729608137e-01
-2.171106394151300634e-01
-2.522026869647481240e-01
-1.939099250062394642e-01
-1.022333556703944879e-01
-8.910505170008475861e-02
-1.186302695157072512e-01
-6.650643794399398179e-02
-9.419330322344742976e-03
-2.934102816853846607e-02
6.111503316945408881e-02
4.619870825509003742e-02
2.881177854051029941e-02
3.321851402415022803e-02
-2.241401593332788614e-02
-9.112177125400756916e-02
-1.554385679358593619e-01
-1.930936963635577763e-01
-2.199707677094192571e-01
-1.649646857224431884e-01
-2.338444374259784353e-01
-2.473040741120182684e-01
-2.566557933481607989e-01
-3.162764648057190819e-01
-3.427910242653640083e-01
-2.864119223678744941e-01
-2.931326534835943520e-01
-3.107641046667767304e-01
-3.017888645657596514e-01
-2.602087058001035791e-01
-2.434942945898631028e-01
-2.232939149588225869e-01
-2.326514780691548989e-01
-1.784759657573176672e-01
-1.133946126243861596e-01
-8.125071617447451877e-02
-3.752783289577465292e-02
4.133331813603574600e-02
5.447950589735234966e-02
9.969435606003089478e-02
1.265050493614731097e-01
8.181638718742896554e-02
1.060629940237045044e-01
1.609976331595829591e-01
1.496201261851786146e-01
1.039678278862717631e-01
1.650821210547528395e-01
2.073833250179094034e-01
2.764760162866780058e-01
1.963276503341961632e-01
2.180667757113740890e-01
2.573011495719764175e-01
1.963754593487812838e-01
1.541829455787509795e-01
9.787279440789529994e-02
6.972628395662726353e-02
4.161656186127744850e-02
3.053367021934799350e-02
4.975116306940691180e-02
4.644646480904290886e-02
1.720206012749603275e-02
-1.537712068412350370e-02
-6.068090882544697334e-02
-9.192729365079053971e-02
-1.954075527368160647e-01
-1.802215375129343766e-01
-2.420776540864667814e-01
-3.090292101340488817e-01
-2.677014898791325037e-01
-2.353130665726951287e-01
-2.676258086552766313e-01
-2.248247976044328855e-01
-1.443318108951651413e-01
-1.605961780930755256e-01
-2.539679926974556246e-01
-2.381737354947520424e-01
-2.545436862697023073e-01
-2.651319873125843052e-01
-2.734763026140508146e-01
-3.131141174043530206e-01
-3.399176266483176501e-01
-3.758215183734596732e-01
-3.974097919009600410e-01
-4.384318254733549081e-01
-4.146927212540155727e-01
-4.320867225120342270e-01
-3.776469677980498485e-01
-3.847419770227019087e-01
-3.987255526188229204e-01
-3.971195018365628049e-01
-3.387399603094733425e-01
-3.219559707127855885e-01
-3.157512673309855189e-01
-3.376963713340516149e-01
-3.780551079302493234e-01
-3.392262712087545928e-01
-3.512949789773511244e-01
-3.711829225105828800e-01
-3.803252267623460359e-01
-4.895605894886806420e-01
-5.820288625426398577e-01
-5.094457915773485945e-01
-4.905637112313117054e-01
-4.703368211976521329e-01
-4.729049197238694990e-01
-4.556543959583830850e-01
-4.892637903570200009e-01
-4.994931127764702383e-01
-4.998613862347124903e-01
-5.082015338295979845e-01
-4.504988532007592195e-01
-4.342279490076447757e-01
-4.809676936778789491e-01
-4.094731672764634900e-01
-4.799559229158795182e-01
-5.487712439536901465e-01
-5.681048344512931170e-01
-5.590795066038540817e-01
-5.595147652630340085e-01
-6.688067694242456618e-01
-7.500632428120038719e-01
-7.564591878337025843e-01
-7.567976382543212255e-01
-8.340962532127382811e-01
-7.981839439726829966e-01
-7.799050901758115550e-01
-7.100848362269740477e-01
-6.259339851777397934e-01
-6.633372558803768415e-01
-5.963646551702297405e-01
-5.243927417035159078e-01
-4.908977518888865688e-01
-5.064902322999649265e-01
-5.385822945656358884e-01
-4.939532265394557253e-01
-5.265691165566871446e-01
-4.737479944284863076e-01
-4.874023423848029002e-01
-4.691681580650125527e-01
-4.934665599316416795e-01
-4.825576454493817891e-01
-4.599493328627509703e-01
-4.720301373303794623e-01
-5.265817406137548451e-01
-4.475014147581262147e-01
-3.996548216125888620e-01
-4.497409654325941752e-01
-5.133534379815122284e-01
-5.102097992619691880e-01
-4.868430446784980381e-01
-5.737946217347327238e-01
-5.255849662657667842e-01
-5.031326369230513240e-01
-5.202248097795496573e-01
-5.517177275486079280e-01
-5.960125994961686935e-01
-5.943813306083612913e-01
-6.579478325048827569e-01
-6.639113010783198598e-01
-6.885947297011804080e-01
-6.521883128227576876e-01
-6.618932245394618663e-01
-6.459532877330580458e-01
-5.996534234386016182e-01
-6.053836311903120215e-01
-6.918927152950693493e-01
-6.727487733148104221e-01
-6.618849654094278723e-01
-6.960977952813682812e-01
-7.368290100679979471e-01
-7.759465752821300688e-01
-7.653537962216122592e-01
-8.240917404441584493e-01
-7.995585954622249636e-01
-7.807827940497111818e-01
-8.210912177091230779e-01
-8.730292856712967842e-01
-9.196240284348360383e-01
-9.264212101788167342e-01
-9.114325421889847290e-01
-9.138689139653164428e-01
-9.656872425644436042e-01
-9.920436020611480554e-01
-1.040094361058152783e+00
-1.050887400714963782e+00
-1.102197355579414006e+00
-1.168886041895485617e+00
-1.176531869160502675e+00
-1.195653700490036275e+00
-1.163335876009080172e+00
-1.197994204911868588e+00
-1.240324031857841902e+00
-1.204993238118686971e+00
-1.144850002009981660e+00
-1.103087996456813213e+00
-1.135814018062796693e+00
-1.123740672394623941e+00
-1.156767627484603933e+00
-1.186043160143658737e+00
-1.154727424815149117e+00
-1.156782074635967827e+00
-1.205560440647013509e+00
-1.155653795540191764e+00
-1.133002722977054066e+00
-1.063150859657291392e+00
-1.002485225099278843e+00
-1.010485961928873300e+00
-1.010921403633806115e+00
-1.027342724736791890e+00
-1.167428723572575544e+00
-1.175449326140997064e+00
-1.203314361550402278e+00
-1.306035882769609024e+00
-1.365991726628323244e+00
-1.298745465493000628e+00
-1.267825259158259499e+00
-1.299729022730190087e+00
-1.374695491320304219e+00
-1.432854825524372266e+00
-1.392085577347050407e+00
-1.402247072686635398e+00
-1.370496061392401099e+00
-1.360394672984166053e+00
-1.337656392501300973e+00
-1.378362940554262339e+00
-1.334126097537326583e+00
-1.292777103341046008e+00
-1.237197830180527092e+00
-1.228463702275775393e+00
-1.254431056895931373e+00
-1.292199147960642502e+00
-1.332769638647691490e+00
-1.338355178915769494e+00
-1.291820627210343408e+00
-1.260716932073345786e+00
-1.144975879422815090e+00
-1.122024774021213256e+00
-1.135950264019482736e+00
-1.062107075939194623e+00
-1.053075438013385101e+00
-1.084389412716038503e+00
-1.085524532579831947e+00
-1.001581191292372219e+00
-9.004895852927996547e-01
-8.009249877997226541e-01
-7.402786355995347733e-01
-6.983815880520440889e-01
-6.363568977859179743e-01
-7.141300897420487237e-01
-6.417809723822049950e-01
-6.320344041967224102e-01
-6.937117705711555171e-01
-7.084666122815650446e-01
-7.903445921763341264e-01
-8.411706079085998766e-01
-8.665160184551049527e-01
-8.501901716970144962e-01
-9.279742811042540618e-01
-1.006797225278100560e+00
-9.871554261940977959e-01
-1.045857074225651218e+00
-1.108944180858055351e+00
-1.092096799190668488e+00
-1.066049654608712371e+00
-1.025322862595272833e+00
-1.014610703056697760e+00
-1.060689851476530832e+00
-1.039929449953027607e+00
-9.950834785732861620e-01
-9.951322392298594943e-01
-9.011969871978982027e-01
-7.845615584527031450e-01
-8.305836325520133956e-01
-8.159167489572265453e-01
