1.552044110927124132e+00
1.890049661702160044e+00
1.116274548541593248e+00
1.337439370431734442e+00
1.047720230540962749e+00
1.240211251038399132e+00
1.120502634288250032e+00
6.931557721813912387e-01
8.302423031073166149e-01
1.175518496066047414e+00
1.826794100200642035e+00
1.576349762612802019e+00
6.589838714531155439e-01
2.382497968388324061e-01
2.471628294953824301e-01
2.928974437744299997e-01
3.909833910618365493e-01
4.031523882522945468e-01
3.933635743660889861e-01
2.548188837460031997e-01
-6.848865814030914712e-02
-3.711136337652129469e-01
1.934878349434079881e-02
-4.537623653138908586e-01
7.604532811237215695e-01
1.429093391371491828e+00
1.500337201133711273e-01
4.877030527967586848e-01
-2.505313932344115924e-01
-8.765910849737539035e-02
1.217294244202879114e-02
-3.781372760095626506e-01
-3.832533449298231032e-01
-1.120491797331663042e+00
-4.085788680377695492e-01
8.379127059231311625e-01
1.748109148813079550e-01
4.391356822383338243e-02
-2.825816724400634361e-01
-1.305179063379953708e-01
7.820350833641676047e-02
-2.027949039728680486e-02
-3.995874326303149870e-01
-8.386487049673936323e-01
-1.048666985283012165e+00
-1.223670616427025681e+00
-1.085427820450581615e+00
-1.005277319106806067e+00
-8.487609749452724728e-01
4.019683942095301360e-02
1.446537147903597387e-01
-2.265251079767199860e-01
-3.684196724947153556e-01
-2.123775824242306876e-01
3.054813746147715947e-01
2.031914395552333052e-01
-5.534653796342010879e-02
-2.082295807589390202e-01
9.113996742469787637e-01
1.364534981093984856e+00
9.143178963675794302e-01
8.216219198348863328e-02
2.689087789944320794e-02
3.644638945492323923e-01
7.436862023348982387e-01
6.667150155163380498e-01
7.850937353588089973e-01
8.287725064983290091e-01
3.044036237892913666e-01
-6.537118118954415857e-01
-4.637936568050070596e-01
-9.810716128307031547e-02
6.205712609763314180e-01
-9.833023148906441802e-02
-4.089210150164464541e-01
-7.434373572543380160e-01
1.815327119747865980e-01
8.187105732956347082e-02
5.904638172818554853e-01
3.170920584467233905e-01
4.949853829737690392e-01
-5.407259746411524626e-01
-1.266623669706325561e+00
-6.767160219314355407e-01
-3.537867738239647286e-01
-2.235114872931253938e-01
-1.705999590086277051e-01
-2.660513632646842597e-01
4.719869940462412816e-01
7.350360459168093774e-01
1.709508180604501826e+00
8.521932407320588210e-01
2.995507865996374086e-01
1.137815622274390259e+00
6.305240357703369991e-01
-2.174305128603141180e-01
-6.983870991575809040e-01
-8.532893254961319007e-01
-8.595542426882520903e-01
-9.559834959047641689e-01
5.088984682395819581e-01
2.267374555558223093e-01
-2.896266974907675817e-01
-5.018552019748080406e-01
1.280538391711850965e-01
-5.433164480121417672e-02
-7.704849456101467431e-02
7.240017996152533497e-01
6.703067486699078315e-02
9.666543695045125562e-01
1.417181506869193530e+00
1.252111349163656406e+00
1.343866369761731017e+00
7.673335421620015584e-01
7.751101974014881213e-01
1.121594130152723245e+00
8.399273281345102093e-01
6.235901399497383313e-01
7.348703534075876620e-01
5.999419369170558847e-01
-3.273377513798534366e-01
1.264629140658347639e-01
-7.327378988779766067e-02
-2.466303756541627645e-01
-2.708444896985240033e-02
-1.915507676183470509e-01
-5.606735138462241863e-02
8.710212438116140543e-01
1.731797818779692855e-01
-4.354960933988071825e-01
-1.162068447553565864e+00
-4.945465885108758508e-01
-6.363012292625387367e-01
-1.303051273885818429e+00
-8.252166027124505643e-01
-7.161340620678970925e-01
3.406243859521654316e-01
-5.505591666672017548e-02
1.871136231610368017e-01
2.729257053728167612e-02
6.937176808692546714e-01
6.811511394051225632e-02
5.918192116188886187e-01
6.320394498269124028e-01
-4.282454359532927302e-01
7.896374690610873104e-02
4.561677051509379077e-01
8.302871726366213290e-01
6.485807481050249734e-01
1.006675784693695924e-01
1.063188535932486856e+00
2.138722822533924706e-01
7.837652197693519840e-01
4.569661732650213137e-01
1.099952025870887695e+00
6.306363934134249227e-01
3.961936997014114947e-01
4.521124243883149485e-01
8.579103978421358523e-01
5.892509822917211260e-01
1.564611206995164761e+00
1.256479314828165439e+00
1.397687363539517280e+00
1.493309917635963213e+00
1.509426421902616999e+00
1.095191626876088398e+00
7.105464050560902356e-01
6.388885444753844567e-01
6.612274841501945000e-01
1.001798436625688238e+00
1.006432552976875838e+00
5.085228477905789912e-01
1.098567826013897131e+00
7.167608273947092545e-01
3.144797525635286140e-01
-6.568582786987852140e-01
4.297012010091981749e-01
6.892281690430818175e-01
-2.237782085640032392e-01
-1.323990979669036616e-01
1.214273197726642106e+00
1.041525422975933868e+00
1.551371394265248949e+00
1.514288350734322997e+00
1.489270816033886780e+00
1.295420130111807344e+00
1.545068860384454901e+00
1.484408638767181099e+00
2.047906907988770175e+00
1.057204413239332341e+00
1.534969335655442801e+00
8.316214885872422746e-01
7.186561289938387942e-01
1.085716153055796607e+00
6.950196991752460862e-01
8.923513173503626605e-01
4.954389767009100831e-01
1.200716044350674139e+00
6.659401690550956765e-01
1.026800986560831297e-01
5.915717717225671413e-01
1.131308929167756050e+00
1.317385060495707583e+00
6.334112953317070360e-01
5.846242166771308257e-01
3.148360906140465487e-01
1.776452527523571800e-01
8.880057818410866943e-01
1.337184275852550952e+00
8.801375470126581169e-01
7.175678994138245947e-01
1.706304379550265704e+00
7.506896098228951208e-01
1.266378352934529605e+00
8.536131213400074413e-01
1.494994928614348906e+00
8.571829852805519234e-01
1.731364989030429236e+00
1.221827188157524446e+00
1.196124663444784186e+00
3.293860235211413801e-01
1.458767510953041802e+00
1.112492406627932473e+00
6.696047581386449510e-01
4.174682358542394778e-01
5.818335523563384903e-01
7.605252863658514828e-01
1.296470618667014518e+00
1.090936953553697908e+00
1.280747893960985762e+00
1.750120409241822994e+00
9.055837820435357344e-01
1.418211399545933116e+00
6.022997762003998723e-01
5.135969276681008333e-01
5.138695976848889346e-01
3.159328046462396844e-01
1.176715119436049672e+00
2.080201319065768661e-01
-4.398643152370458331e-01
1.380774561062411587e+00
2.242476831367346435e+00
1.320695410535483338e+00
6.719623354969807005e-01
1.592220482704300499e+00
1.328560912104298941e+00
7.954867746622424907e-01
1.144777052920455951e+00
8.763652119884888236e-01
9.467389729475497173e-01
7.615573755293199021e-01
9.496608313293798398e-01
4.931093759463850423e-02
8.617176657920613270e-01
6.258494481376982721e-01
-6.648195980775191416e-02
1.950855675757302288e-01
3.846880537389958388e-01
5.030138626068930696e-01
7.424162749563114616e-01
5.841329047996084434e-01
3.875514730284721487e-01
1.869849999876550262e-01
7.027546949851075642e-01
6.584060798985328367e-01
1.247554791026171062e+00
1.504606573562671246e+00
1.843769548765701538e+00
1.714005764923336672e+00
1.617058988905918593e+00
1.737257950000702378e+00
1.037854184093218723e+00
4.022105432568147121e-01
1.497577589191527059e+00
1.583545797939257094e+00
1.651353895728450150e+00
1.399725409291634692e+00
1.063100775711355084e+00
1.132429132234256564e+00
9.785714573151836904e-01
9.594090370858361361e-01
1.823120125490546251e+00
2.520526927027662456e+00
1.720841819000935580e+00
1.129738119847837563e+00
1.735699217515003889e+00
1.054019726910258914e+00
1.218892685255889674e+00
1.617651930244788483e+00
1.462771397457847344e+00
1.718786143868637817e+00
1.790452504677395362e+00
1.796854191744208240e+00
2.103503089971687778e+00
1.778135321891775700e+00
8.350198426993391543e-01
6.834100738635883188e-01
2.331347305596967734e-01
6.992643760401860975e-01
1.487915827276258263e+00
1.537350051532115014e+00
7.911642829866888382e-01
1.345743656774229802e+00
1.231723924601350939e+00
1.043237821441648672e+00
8.944361531982681912e-01
-5.802276080020678933e-02
2.915940676069023185e-02
2.606486761259929064e-01
1.131277754285753723e+00
5.978509842237232919e-01
3.336047661543326548e-01
1.111044051070848360e+00
1.395732040911504157e+00
1.683628753361245733e+00
7.103856679138887964e-01
4.389904396068478043e-02
-5.489096672544655497e-01
1.583562913213757417e-01
-1.409088010006825098e-01
-1.292798489783668625e+00
-4.927822996556501800e-01
-4.467544776215927049e-01
7.019336501794481986e-01
3.453268578363268282e-01
5.007189282321585777e-01
-1.740975270156157606e-01
4.878256272786475334e-01
-7.395885905259642033e-03
-1.938192978147809387e-01
-1.987488720705113121e-01
-1.374889355596368379e+00
-7.199216388982937476e-01
-6.837314495061547204e-01
-1.243532313519856575e-01
2.496048228897085330e-01
1.072006560456492119e+00
6.080665806397976825e-01
7.952342644590871812e-01
3.228396822526102827e-01
8.424038489283507403e-01
6.925491060334628690e-01
5.801078594890575202e-01
2.992862433995549520e-01
2.737418548283366282e-01
1.248053662322188062e+00
6.978193860556095585e-01
1.094139475519148252e+00
-1.796455975460589660e-01
1.347896902194968827e-01
-1.842995099627945943e-01
3.903432812768439786e-01
4.252315916225195003e-01
8.970331901167252209e-01
1.281228029431580762e+00
8.824721281279395146e-01
1.487258062236123557e+00
1.243271573365593019e+00
8.299904362630565746e-01
1.463053636029785498e-01
-3.915491986876241948e-02
6.741470873919981621e-02
5.188466728768017511e-01
1.398587249318512082e+00
5.477331077962935835e-01
1.720741919187265712e+00
1.198538479496307874e+00
8.905139377545344681e-01
6.019042511764941539e-01
1.227794753432834840e+00
9.431794818919493339e-01
9.124983312395668067e-01
7.274155669458325368e-01
4.646350830826845302e-01
7.556655415466980719e-01
-3.770234468658520965e-01
-4.535654393385055716e-01
-9.741630448221860056e-03
-1.367239897658846792e-01
-3.764899886558680658e-02
2.022813096022959833e-01
1.073574082922684921e-02
4.324445347036620646e-01
7.490498075614266948e-01
3.548153955711160767e-01
-5.840430001236351920e-01
-6.322054761168973691e-01
-5.482493614005514715e-01
-5.125712666425314978e-01
-1.264113436769482568e-01
-1.491978984506008021e-01
-6.825593728025411977e-01
-1.251737427114355983e+00
-7.174589133939627272e-01
-6.197562782102752910e-02
-9.958005384274906113e-01
-6.301340814851844607e-01
-7.402879025863561280e-01
-6.569258519598512036e-01
-9.443397460856580716e-01
-1.549086784182467147e+00
-1.507306405613495714e+00
-1.143965592447775848e+00
-8.635549570775219452e-01
-9.893502413741113166e-01
-6.617905383504417427e-02
1.847949772136479596e-01
2.746335270380482196e-01
2.409276608067640324e-01
-6.580620092226041606e-01
8.519878665057069311e-02
-4.284093589680297576e-02
9.408414096857695141e-02
5.893835089294950924e-01
7.067172562376735634e-01
5.340213351207950820e-01
6.963288597262042856e-01
1.355717463010697177e+00
-3.436586839187660281e-01
-1.177832799820265119e+00
-3.848432326546628035e-01
9.915702545704155879e-01
1.191938333208838185e-01
9.135212213521628488e-01
1.449907118922787896e+00
9.912211091983104128e-01
1.331910896670178923e+00
1.631559735646987974e+00
7.652189169985189610e-01
3.280248267111346427e-01
3.848797133631170486e-01
1.092550090197509371e+00
8.945669342115470934e-01
5.210534176377868976e-01
2.831198888801443880e-01
2.148124807931334479e-01
7.154646478339691251e-01
1.240756575893461333e+00
9.140494938599758035e-01
9.787694101451006601e-01
3.862089300789420254e-01
2.843024216958114914e-01
3.555979747771134680e-02
-1.098445573174056528e-01
-8.585943647896907560e-01
3.667363625313689313e-01
-5.122272572807361479e-01
-5.438341283466922166e-02
1.483568761672417746e-01
4.672758459592075697e-01
5.793054487611169756e-02
-4.254406540370589927e-03
3.916997836545852429e-01
2.830216598345559054e-01
5.378533969238648016e-01
1.113491844479888915e+00
-6.067922941713073115e-01
4.949593880457757722e-01
9.096787058373621004e-01
8.053943279051983817e-01
1.236808857572236908e+00
2.081564039373103192e+00
4.084417104571213541e-01
1.034332948213128489e+00
1.146185946398648570e+00
8.915103435393557652e-01
1.670057939859664220e+00
2.115339783585234557e+00
1.796505582899583287e+00
1.872502916313359300e+00
1.238299304891882002e+00
8.867604040005958588e-01
1.728613454494842827e+00
1.446558839216914416e+00
1.901291925120314419e+00
2.080191798841698247e+00
1.886340459105781076e+00
9.413824452075157945e-01
1.468399450766793013e+00
1.171826943811447252e+00
1.065978972175382733e+00
6.137913881252747839e-01
1.403286295290021357e+00
6.153055959577450329e-01
1.546174976159577552e+00
1.337554035980710987e+00
1.685104336652524015e+00
1.532671836684060152e+00
1.631847390605925208e+00
1.921255652524956004e+00
1.722329524182825367e+00
2.033734158733269126e+00
1.544043250930102751e+00
1.037042165038393415e+00
-3.429418779990475903e-03
-1.543613878718446686e-01
4.297692018859102653e-02
-8.185624851796725610e-01
-1.202549528720914029e+00
3.201965958980018678e-01
1.488506397842060291e+00
1.737640784614505052e-01
1.073143622855911472e+00
9.331419757915223601e-01
9.725642483879970435e-01
1.223536755668246601e+00
1.478251777908672349e-01
-2.019100766793459345e-01
-3.454889252428287039e-01
-5.510060551037614385e-01
-4.552254424853618975e-02
9.361567691148373616e-01
8.900116103622611741e-01
-3.360251065874697574e-01
8.212556355840446853e-01
-8.985042112913640966e-02
-5.415125465848175113e-01
-1.074577066731643438e+00
-4.274344943913059858e-01
-8.801243274507317693e-01
-5.220739372636311604e-01
-1.212196479506127689e-01
-3.583261119955734597e-01
-3.181857533936869875e-01
1.866066632288949367e-01
1.459665903057446312e-01
3.257300541749020284e-01
-2.292052438055678376e-01
-4.702488507943103913e-01
8.071278225227400405e-02
-1.017092205820105733e+00
-1.058653055570608847e+00
1.910179039705809656e-01
4.971813310716262091e-01
-5.325052508218030001e-01
-5.020489719200476042e-01
5.450612235841194309e-03
-4.629804675444240680e-01
3.694239022404445238e-01
2.698505549195610587e-01
-6.017830940332898892e-01
-4.649639579128984068e-01
-1.256270229625281176e-01
1.338023901230167567e+00
-3.577086103505371373e-01
-1.953244252150955762e-01
2.534414697150658702e-01
1.029572937834660307e+00
1.968329595788655295e+00
2.024249184006023938e+00
1.917459052566814481e+00
1.715893227260878229e+00
2.130479531758561862e+00
1.853281814148129980e+00
2.147774512844244921e+00
1.605303408316595348e+00
1.508735900360087312e+00
8.391709405455591853e-01
9.646241803815994720e-01
4.489117037310798031e-01
5.305089031842140646e-01
1.237390697740542223e+00
1.497525398906374150e+00
1.035538472440976410e+00
5.069436674262580711e-01
8.876529529963350651e-01
1.630510207180877469e+00
1.206452143783784958e+00
1.245169681613372603e+00
1.344225219403416549e+00
1.068007956129149116e+00
2.609331553627681211e-01
1.903835802128383270e-01
3.940297948377198267e-01
2.670381195023387999e-01
1.802713235291003857e-01
8.245785201196587089e-01
-6.098879723411233800e-02
-3.215788699471109346e-01
1.219049236467395769e-01
6.543724466130912409e-01
1.126652229530566762e+00
7.250924424423763615e-01
1.138043502311482769e+00
1.055541790087796361e+00
1.157093588806670015e+00
1.060282419737167636e+00
1.229574594335669735e+00
7.315537953877379040e-01
5.777110331154589051e-01
1.165469559549312750e+00
1.463473520709019260e+00
1.279263107933449106e+00
2.327513890323951173e-01
1.199297369045696504e+00
1.732289927311346123e+00
5.350127664257164906e-01
1.255868878345907991e+00
3.272825321439465918e-01
5.247800326000210402e-01
6.087630445523845024e-01
5.825237192787910967e-01
1.013236951676138586e+00
1.233085070313569842e+00
1.823289868740058717e+00
1.012306217422644483e+00
7.001314778803936489e-01
1.134557125165227998e+00
1.566928967465906375e+00
1.156509376734076833e+00
1.159482456260025218e+00
1.342529218714661576e+00
1.776109517821538919e+00
6.150906159127849104e-01
9.747620228762898797e-01
5.256658259831233915e-01
3.076936216877773078e-01
1.685054360195168688e-01
-9.083972067498029268e-02
1.073035939755905499e+00
8.725647406755314694e-01
9.954273155865857037e-01
1.443211810741064305e+00
1.063158132002647527e+00
5.238349978799756723e-01
1.320190115575028189e+00
6.722980679443947283e-01
1.995102305718505553e+00
1.334704485013637143e+00
1.523547026419651840e-01
1.633606270265682836e+00
2.463583988134435465e+00
9.074874412765644438e-01
5.854442592358343189e-01
1.002549622327966183e+00
2.332432100492898563e-01
-6.893755428197616553e-01
1.420489846416567448e-01
3.363523278312931519e-01
9.749799559877425637e-02
5.609796158771589436e-01
1.698803781469446772e-01
2.276370359810969968e-01
3.767798147834236500e-01
-1.033298508661547155e+00
-6.237967980279736091e-01
-9.723174012636367491e-01
-5.563241169329001812e-01
1.823548011169790761e-01
-4.576778786671855115e-01
3.610003152101671775e-01
7.293390781696766911e-01
6.874402007596809305e-01
4.202482359790583044e-01
4.126105090307155554e-01
-5.861885892957665600e-01
-6.557641592257067442e-01
-2.515038183013253992e-01
2.232298466946326110e-01
-7.693350522978582851e-02
-1.623134397226975653e-02
3.953168376626463587e-01
1.029654022088299481e+00
9.727059734434626570e-01
6.161658309751032458e-01
9.596437052490921493e-01
-5.932799616443560353e-01
-8.831895868002419270e-02
-3.447684282189393268e-01
-6.482183801642367460e-02
5.265382677019194713e-01
2.456989187571834432e-01
6.034191502840309251e-01
5.584553509118096448e-01
1.202552624733907782e+00
8.051078245830447511e-01
4.248131873513354972e-01
3.222981747125053253e-01
1.123477375878461498e-01
4.986645872686761294e-01
3.974382696474646620e-02
6.179131745456809682e-02
-1.338397914039908543e-01
2.226511688798797073e-01
1.722478571447627615e-01
2.810556726312606335e-01
-3.820570750742819377e-01
-4.943901347339298979e-01
-7.730360755572077691e-01
2.378949359661061344e-02
3.066122987861177318e-01
7.105787440224551332e-01
3.082535681943492367e-01
1.723692025890630752e+00
1.603627664806880349e+00
2.218707312487472993e+00
1.950026585725322947e+00
1.519849475510553605e+00
1.302891545156418251e+00
1.240838299788929344e+00
1.542356380962806472e+00
4.183996079098725174e-01
5.751098322857772782e-01
6.689817032397944452e-01
1.683753631219578661e+00
8.047685340871720827e-01
1.803249131432996588e+00
8.179642588736242281e-01
6.140007918171613843e-01
9.710427852917938862e-01
1.228178923722191840e+00
8.405511859000504016e-01
1.085382763316541821e+00
1.492399986209872242e+00
8.682347647813078995e-01
4.645545739081216596e-01
6.353436700082160105e-01
9.405353384623952318e-01
8.308004954155916444e-01
9.305585183659398352e-01
4.953746054120302111e-01
1.150735571330830043e+00
3.401239192636683617e-01
1.251715819696983090e+00
1.421698792734460870e+00
4.688928286254549493e-01
3.330631437646251834e-04
6.928489640596029453e-01
7.973375945692413591e-01
2.272691299645886176e-01
-7.862591938788172918e-02
-1.157271366579470384e-01
3.603130722614613507e-02
6.560884487972703516e-01
4.581979563459628313e-01
-3.197551731384479928e-02
1.323268254737201222e+00
8.890266728921641937e-01
6.447616144583037112e-01
-5.066424456696396739e-01
-1.568765639632149489e-01
7.940776587638878614e-02
1.273927934888537672e-01
-1.126918921533498902e-01
-5.770193189391665811e-01
3.472562201774788138e-01
5.996573644517996238e-01
4.043522672111013461e-01
-4.891995352010142240e-01
5.231120734762493285e-01
6.674950940545444356e-01
1.123226415421569591e-01
-5.847014169268096584e-01
9.858028457795686705e-02
6.063971242026714448e-01
6.520053899035409099e-03
2.170446835600887969e-01
3.032170386992623021e-02
6.267596682193344870e-01
4.218884582255881810e-01
-4.516794658144895336e-01
9.157093843542894740e-02
-2.223124970936796452e-01
-8.630595405422759880e-02
1.165994405022136859e-01
-1.265247531965960848e+00
-1.521699730110189552e+00
-1.354664059000969756e+00
-1.348747767094351513e+00
-4.003591671715376887e-01
-9.122073135637122354e-02
4.490461467013622809e-01
-3.744281457928178014e-02
-2.543863880616948348e-01
-3.506315002055577223e-01
-4.764698225113674357e-01
-9.032534282402696624e-01
-1.595589352712001308e+00
-3.660331035915359577e-01
-4.780608840111962854e-01
6.224246421280459352e-01
1.809698718847029819e-01
5.799914272154331474e-02
2.776796727372144447e-01
-2.082710498462165549e-01
3.672561977281686013e-02
2.238447449478503659e-01
1.035151344600684399e-02
3.983135666514210915e-01
-5.700261758187520345e-01
-5.067414834789062406e-01
-1.465103650414521508e-01
5.521791670298970001e-01
4.319215126883693134e-01
2.236807873443426853e-01
2.143182316475119864e-01
-1.279194006276226647e-01
3.125291203426735498e-01
1.497676208333339198e-01
2.344241340260842521e-01
-2.158146400339748805e-01
8.617035903261773822e-01
6.181786563642627241e-01
1.351589826140754846e+00
6.990750348330644348e-01
-1.895272510166985946e-01
6.420715149489357731e-01
9.173635099621127997e-01
6.627368204958444808e-01
1.024333753789558266e+00
2.884252253628198925e-01
4.962023112817405823e-01
3.272665518863135392e-01
-2.638082332174239153e-01
1.857157525444609603e-01
6.385678674661533494e-01
-7.633489699518440641e-02
1.275933040594988410e-01
7.552382426205768162e-01
5.195929280489393065e-01
-7.348070668832354935e-01
1.210153533189150254e-01
1.789973850139491507e+00
1.145425817545520308e+00
1.013151347494301691e+00
1.565919586886164394e+00
1.910872761837453027e+00
1.579919528515542515e+00
8.363707523934061916e-01
1.501401143909017577e+00
1.479503630567035488e+00
1.727180498386781560e+00
1.307436544250301980e+00
9.796825552733445797e-01
2.100445688929681864e+00
1.755096823331736999e+00
1.472371317890047493e+00
1.022136392846149766e+00
1.005893271696710167e+00
8.455847445173564347e-01
5.861652293638606182e-01
-2.596009883878389046e-01
8.544806142144143468e-01
9.709854347422500753e-01
3.866758563833272988e-01
1.091735689379852214e+00
9.591119488858365072e-01
1.443679677141066486e+00
8.059523341343564073e-01
1.835694799017472789e+00
3.920387764956478338e-01
1.277227964466123744e+00
1.949328943183393781e+00
1.073046784650404595e+00
6.888877901585629404e-01
6.896436740603009152e-01
1.546883649048841521e-02
3.877246925917742226e-01
6.993042807978562259e-01
5.183552176573918979e-01
-8.942501955077536424e-02
3.332087095033716140e-01
6.816348806206460331e-01
9.409401447332473023e-02
5.649453325804589809e-01
1.129781425025895070e+00
-1.422751848317720669e-01
1.790590330753786541e-01
9.088734583391021582e-01
8.263982118360031492e-01
-1.317375485635808663e-03
5.252280572502502354e-01
3.143239398013262798e-01
1.406131530379012506e+00
4.252189655931725709e-01
1.189075485125050680e+00
7.787940128015374830e-01
-6.104328893312089832e-01
7.118187702975720121e-02
-3.263918975366775777e-01
-7.382944226981988933e-01
-8.187992106971851980e-01
-4.698341152939926602e-01
-2.807574790965303158e-01
3.190416837424958629e-01
-1.094965948682639356e-01
-7.170530334303354403e-02
4.008382222565119446e-01
6.154391122697768779e-01
-9.596329663006222810e-02
6.574240716169842402e-01
3.562343842273378858e-01
3.248441252753369590e-01
-1.444105034541996735e-01
2.616295095859808573e-01
-5.074489648039784973e-01
8.331178576114278700e-01
4.742109446025478681e-01
5.744333393118251641e-01
8.937849462671032530e-01
8.576714605814487191e-01
-1.746202493087028740e-01
6.465233263973507727e-01
2.519581692686859720e-01
-3.504659946917565994e-01
9.112328631186563666e-01
2.657648000052663662e-01
-4.152549789949399606e-01
3.528436772426984946e-01
2.332768355993558029e-01
1.890818632906674235e-01
2.246781744094792088e-01
2.268248815927979001e-01
-7.706340569947502939e-01
-9.564047834961935113e-01
-8.875012534123566388e-02
-5.839744542633655833e-01
-1.028830061667992180e+00
-4.063880132774272957e-01
3.487614367648399910e-02
-7.576880825946687159e-02
-8.072939402132498499e-01
2.307703599739265726e-02
1.693690621338077851e-01
5.297013384880507880e-01
1.226757145620640088e+00
1.165602598298668857e+00
1.045622707332967360e+00
8.655602468224585788e-01
-3.661179935894534054e-01
-4.500333988934787088e-01
2.620487748677582940e-01
2.835101786579518127e-02
-8.213676303591308514e-01
-6.361548055405059632e-01
2.872392449003658421e-01
5.226526960993901905e-02
6.880830178236516659e-01
1.072092906960990133e+00
1.123421458748090851e+00
1.297476781294744974e+00
1.617827397509806309e+00
2.197881182499547226e+00
1.617497502579896995e+00
1.969353917210715732e+00
1.781054157510384206e+00
1.127873550643327949e+00
9.190048110459724251e-01
9.880597935801971321e-01
3.231541550299038557e-01
1.008064968935498573e+00
1.043112042507819082e+00
9.730607302619529442e-01
4.435027869517756960e-01
1.226133204300608126e+00
7.257978750120979150e-01
6.221646827810187741e-01
1.244317667207291284e-01
1.221239567676733362e+00
8.233808865059348836e-01
1.267810986341476820e+00
1.381851509201313055e+00
9.884138792057813871e-01
1.210306683737090827e+00
3.289889993917030075e-01
5.105800770835574598e-01
7.863567812007840052e-01
4.566847882178380336e-01
5.825840280299994234e-01
7.124063796067656718e-01
2.139371355373579364e-01
3.311770293371755769e-01
6.428322875027057126e-01
1.256463548632208660e+00
2.202977347332288449e+00
2.831656650943130682e-01
3.553760659505517672e-01
3.586840632881430624e-01
1.269232749164441065e+00
9.278572407472647221e-01
4.907486414849017431e-02
7.195435812178672119e-01
1.410957437318246965e+00
1.380515061499543394e+00
6.569489861902992889e-01
9.502311141907707759e-01
7.475620351664817864e-01
8.041886686885775237e-01
5.039132554935902286e-01
1.922393401754750153e+00
1.719915392101533325e+00
7.815550808316973352e-01
3.293770139245761897e-01
-3.628963355568414761e-01
-5.989867814493472498e-01
6.703748373066096278e-01
1.261593074143450677e+00
1.051399100126162001e+00
1.274733922848610534e+00
9.680368840566818678e-01
1.069366787114102380e+00
3.457770302872439916e-01
5.266770137942664576e-01
1.289145385817732192e+00
2.836540812502934966e-02
-1.442832429100436575e-01
1.061069012455893024e+00
8.391102007846378275e-01
1.846477946102933476e-01
-3.926357468499920289e-01
-9.994730312604678257e-01
-5.328188421133853714e-01
-1.017248696783991380e-01
5.164870438117026286e-01
1.262208235393620370e+00
5.333831900365255674e-01
8.438521496815385436e-01
7.714614322322045359e-01
2.228206817749502633e-01
6.196446458732506324e-01
2.186454393116108175e-01
1.803150049976472991e-01
1.199185642507277105e+00
3.855741560694500025e-01
9.654138549496096289e-01
9.690878084895704347e-01
1.150692064846750462e+00
1.252798441222088943e+00
8.473297152216691108e-01
5.235893834344255149e-01
5.291573556484681085e-01
9.924039753325659963e-02
-1.724302286370388848e-01
4.045169060667521688e-01
5.000721528104619396e-02
7.602491344826450836e-01
1.147756929141213300e+00
2.371553011830052071e-01
5.711977026652288458e-01
9.464800738781463663e-01
1.086054808602986199e+00
5.669295616470259452e-02
-4.602733814163224579e-01
-5.359207350447746654e-01
2.697154829875015314e-01
9.247066110758817015e-01
9.026394824698433794e-01
2.733685901603023771e-02
7.025944245300926871e-01
-5.090459711025577955e-02
2.619301667953597423e-01
8.047406247548861691e-01
1.355988664788873921e+00
3.893791211554943343e-01
3.722320294927832229e-01
2.032968416176036131e-01
-5.521616482654667646e-01
1.157694836093826757e-01
1.026406216888839928e+00
4.091481122374422963e-01
1.840808818120742707e+00
9.577130783432732386e-01
1.149685137374877764e+00
5.942533761574813056e-01
2.648681050974722173e-01
-2.578067757778857438e-01
6.364787140285869949e-02
-3.310172176338240790e-01
-2.289573255595434842e-01
9.531658695091288491e-02
1.831984979819201859e-02
9.381963017556255169e-01
2.073149716335259130e-01
5.512920367201407101e-01
4.498507010100536441e-01
5.322099095276150438e-01
5.635047826641902402e-01
2.015502600045353532e-01
3.119263987471141975e-01
5.125984443819391334e-01
1.287892854242193685e+00
1.163593623948874667e+00
1.267251428838777505e+00
8.888038276328358300e-01
5.866525913967429728e-01
2.927365251194257167e-01
-4.659911503801190680e-01
3.985523887277100386e-01
8.948006578628242558e-01
4.083342679026546462e-01
-1.003158480346379028e-01
2.126656838866260169e-01
2.336649108525291063e-01
1.785067330639362737e-01
9.321978226148097679e-01
2.894881503292371927e-01
5.089101974443112075e-01
4.024305986395535495e-01
9.512852130868164613e-01
1.411181656485987146e+00
6.707533326961044873e-01
7.031737842878720279e-01
-9.231594272537888557e-01
-2.527408543157939613e-01
7.188816822650648808e-01
3.268895132500048151e-01
1.038334062159804949e+00
6.025823801543097602e-01
1.400819049426645257e+00
1.002996492844690613e+00
1.120582046045899505e+00
1.833238727011816227e+00
2.367674813462340655e+00
1.630126220991825026e+00
4.680445599202763818e-01
1.721883379205475295e+00
1.621545485730041536e+00
1.200902901891584218e+00
6.825275205297508530e-01
7.990711017046319142e-01
8.153638741937520029e-01
1.240945282094737534e+00
9.444669777735167360e-01
1.486098215221431262e+00
9.529895752237104167e-01
1.104801623740765182e+00
3.369350122291836502e-01
8.325449263785054121e-01
-1.428395281305817333e-01
3.738739647378430675e-01
1.817563294999822998e-02
4.574803049436680369e-01
9.417482055902179350e-02
-1.426977921871055432e-01
4.107270211571238394e-01
-1.436796655403287104e-01
1.223637380918967787e+00
2.616391678899759876e-01
8.308528114505772111e-01
5.255163610354641746e-01
7.893076643601154574e-01
6.582009811687696832e-01
1.470433937062426200e+00
1.632830674968239082e+00
1.190504818260716524e+00
1.188559625585781765e+00
1.593158198430806749e+00
1.850550368712833738e+00
9.793006467866585130e-01
1.108544649529885628e+00
1.389064386285347119e+00
3.369731257792998314e-01
6.068296319169961262e-01
1.473815348803287018e+00
1.364582437961461725e+00
1.149710372832253302e+00
1.794971674244092874e+00
1.911404736396650872e+00
1.581837965639283583e+00
1.992917782592657838e+00
1.253853364278762816e+00
5.433295491428167256e-01
9.586261665210259464e-01
1.078049024696630109e+00
3.935207328877884381e-01
1.017152864294472020e-01
1.209429036454454875e+00
1.116781287820213242e+00
1.215054118512962411e+00
8.091118531460950170e-01
1.159512403352077614e+00
1.607963459473175094e+00
1.311194584673904817e+00
7.582605183740133148e-01
-2.275568959740014996e-01
-7.685258307064089800e-02
4.220231368732116524e-03
8.745178718262545114e-01
4.367392122322475978e-01
-3.133970046089953887e-01
3.898580977701122108e-01
4.727521966521534003e-01
1.187780096070673724e-01
4.076253307463841291e-01
6.311064198996589880e-01
-2.060985107318656362e-01
3.233671348148978719e-01
-3.141093257244724490e-02
4.778920558526241202e-01
9.411094617009974073e-01
5.384231596248588714e-01
4.579269145250272621e-01
7.133331340480618399e-02
-2.934108952716253660e-02
1.018943263424616053e+00
1.010794445238370365e+00
1.141397550141951323e+00
8.826376120598979913e-01
1.133502767017602331e+00
5.237393005614281449e-01
1.088977093311658956e-01
-4.592418249727612811e-01
-1.735341925840829136e+00
-9.871742871454608492e-01
-5.347805075850420309e-01
-2.125267259081298765e-01
-4.226831579063645705e-01
-3.986567728641401964e-01
-2.968339607645711364e-01
-1.870838484267982604e-01
-8.852218463072235310e-02
-1.765628367127514697e-01
1.502400522194902999e-01
-6.174913177597413094e-02
-3.974692956878066452e-01
-1.560414136848199185e+00
-3.452895300464167705e-01
3.436473641694974268e-01
6.252582660240751933e-01
8.071761816239909626e-01
-1.698935295324326689e-01
9.471367327885164000e-01
9.907818087978401689e-01
1.325839517406061374e-01
-2.315225956464342094e-01
1.438674244456387696e-01
8.432489323225957900e-01
1.223815129752966691e+00
1.236893303859146531e+00
1.521987509907859470e+00
1.351794478596210602e+00
8.395680044470319459e-01
1.214557297833317673e+00
1.467813301598463127e+00
1.053598092398541297e+00
7.874535787536774967e-01
5.995765704212416836e-01
1.058266790415079761e+00
6.717004038738474403e-01
2.855923709690500467e-01
1.056529345993352242e-01
8.462196102343412241e-01
1.180301035682997712e+00
9.726866605023344603e-02
3.408145908459525031e-01
-9.488624345056582976e-02
2.355674030667552210e-01
3.567603646874055543e-03
-3.940910456672212792e-02
3.339641777568337910e-01
7.516221530175410948e-01
1.039205830009949372e+00
9.264958752775566131e-01
6.534118130321890927e-01
4.826488217786404911e-01
2.813768936606334675e-02
5.375030225544961127e-01
7.820274881066610062e-01
4.359045002719677542e-01
7.244067843295965980e-01
1.566845421687196982e+00
4.313341513542556793e-01
8.265324590619135270e-01
1.170192307212263749e+00
8.842012589175890502e-01
7.058143429614821551e-01
9.662469122448302805e-02
3.360550980098374052e-01
5.262917368392693307e-01
1.563890749029968608e-01
6.031574400113981493e-01
8.306136640875458887e-01
7.185122898078951659e-01
5.727166555659951586e-02
5.696085818853844351e-01
-3.454570994066868406e-01
8.946640556589974258e-02
4.517747486674433821e-01
-5.643914940353313980e-01
9.225183402890090945e-05
5.464538222444131899e-01
7.608905415595835775e-01
1.650149754000203250e+00
1.362726941225860244e+00
6.556723592851235738e-01
8.588100243335719530e-02
1.248992062856679741e+00
1.148653804924813837e+00
5.792860748363007906e-01
1.099518752176585457e+00
6.761783488411466925e-01
8.010240841010388690e-01
4.182278368580552019e-01
4.192104893389780873e-01
-1.085272502534172061e-02
3.476944709398308020e-01
3.420701816751745006e-01
1.397679090740859165e+00
6.773849269116333227e-01
4.190746416374886429e-01
4.327761704493116590e-01
1.367987781473015474e+00
5.771062229555105061e-01
1.468997174750681090e-01
6.370662661202777244e-01
9.270473649604105137e-02
4.348412188624096175e-01
1.245461199424381382e+00
8.920250157621721909e-01
1.883970171450546127e+00
1.209453769640949972e+00
7.191193635782499038e-01
6.401451589029782951e-01
6.673885185386535523e-01
8.821176786180646712e-01
7.093920504193022003e-01
4.479070066407710438e-01
9.180415986623331470e-01
1.330242415885653617e+00
3.641702853797564310e-01
1.242477074866515485e+00
8.996712910555446641e-01
3.725097924580983988e-01
4.697411602192077540e-01
-9.472654287901421943e-02
3.216514835554012963e-01
2.739695475716376616e-01
3.025799282240516086e-01
-1.183014931150379034e-01
2.446957081350344121e-01
1.213276002955136157e+00
-2.758346340855494933e-02
7.919714222776275125e-02
3.789796948835361112e-01
4.912785703516499569e-01
1.963725072892311130e-01
4.687919129763146175e-01
-2.389969564735222873e-01
-5.412413833914260231e-01
-9.237492824949801173e-01
-1.077252187879409018e+00
-1.159748063541706564e+00
-8.876157501086506807e-01
3.591781484432081395e-02
6.531798884892648926e-01
2.247760431501212852e-01
-3.307470797754027969e-01
-5.358075100097316190e-02
1.638473556314053725e-01
5.216752226894949551e-01
-8.439686751172344181e-02
6.627197930422765726e-01
4.611195034836876316e-01
3.916776077504202092e-01
1.004350969259890092e-01
5.541026944807365684e-01
1.488264447570474935e+00
1.059747569804222023e+00
8.516522982454676205e-01
1.135348338087953879e+00
1.327820902035848460e+00
8.968074481491881134e-01
1.055753192556674741e-01
-2.966820111331113230e-01
-1.903305613964842435e-01
1.585057003684643417e+00
6.877035128050741353e-01
9.180463572094793231e-03
3.842106601967396617e-01
-5.133354773842770807e-02
-3.538613347620867544e-01
5.396249594677524630e-01
4.940713534829654918e-01
7.142791044927603306e-01
9.434949485539718683e-01
-3.397450142004996426e-02
-2.720823864445207074e-01
3.239160180552452112e-02
-7.518438876473628740e-01
-4.984189925626504314e-01
-8.749112872110380301e-02
4.627098234779453145e-01
7.475319307926998613e-01
3.827715092985163325e-01
2.105646809139887776e-01
-5.892961592371533941e-01
-2.141692951959218161e-01
-7.228424021636741248e-01
7.242256302772656085e-01
4.643617313621989373e-01
7.625916309466014287e-01
1.189961547438714851e+00
1.172736614791578091e+00
2.607186413369035338e-01
8.709100390842340333e-01
2.672615118458169792e-01
1.898384758300577790e-01
5.487461576486027948e-01
9.837213883147073457e-01
9.673523481364413312e-01
3.601861697341230961e-01
-1.349226964328266720e-01
2.706997099632025283e-01
-2.055418334847140538e-01
-5.806680151895161623e-01
-3.827183887609289514e-01
-1.173036280092085937e+00
-9.983289106725113937e-01
-5.819276624016348487e-01
-8.770270858955131477e-01
-2.400777116153355872e-01
-7.312355978283342495e-01
-1.275542404087342208e+00
-1.892374936715707889e+00
-9.570819404037750333e-01
-7.514394697000111867e-01
-5.543882208294199643e-01
-5.202873040167764751e-01
-5.153994332992146710e-01
-1.131239363428314437e+00
-4.762063989251477669e-01
-7.602763249355404263e-01
-6.937727758166261083e-01
-6.865405199893360733e-01
-1.611980241946791681e+00
-5.605018107011480177e-01
-1.082977475647413090e+00
-1.115348147202227524e+00
-4.840357216859260681e-01
1.249543013430170352e-01
1.230434149543508382e-01
-3.298067947913005393e-01
8.384273501295188558e-01
-2.130030568243323208e-01
-7.986858103280497501e-01
-2.543962568246884715e-01
-8.622114662740343327e-01
-6.238932558784049398e-01
-2.814759819732318702e-01
-1.417409685076574499e+00
-1.409447285860527144e+00
-1.017112421678364242e+00
-8.195463741464087404e-01
-7.287782855179278929e-01
3.255577893360607766e-01
5.728257955289853820e-01
1.222886156635357269e+00
1.812198724381595794e+00
1.235739666349506827e+00
1.272897698160278868e+00
7.946495918816046666e-01
9.905643578602880694e-01
3.085635575739038572e-01
-8.822840473599798949e-01
-1.207932705595422762e+00
6.212510431598396859e-02
-1.702867603189421652e+00
-1.009438607729586046e+00
-5.374835233925596700e-01
-1.057840636135270129e+00
-1.061283049515490573e+00
-5.651030592016961229e-01
-4.742363493055876678e-01
-9.120944364459948606e-01
-2.452468971119371455e-01
5.426520028255186201e-01
-5.369671555579270672e-01
-8.955395061615563090e-01
-1.531294708844222585e+00
-8.124944816720790497e-01
7.934173132676271001e-01
1.034156305246656943e-01
2.170475230025222246e-01
-1.986065173871023049e-01
-8.467133777123579952e-01
-7.140597426052575081e-01
-6.360662852727425598e-01
-4.278779467837401929e-01
-7.711172746329329752e-02
-7.738025681139739653e-01
-1.379414356996901514e+00
-2.260721328491573257e+00
-2.153933086534466135e+00
-1.825628425415614320e+00
-2.188096600202806385e+00
-1.301903979033862235e+00
-1.766993619454359621e+00
-1.997544300267263484e+00
-2.432793376347994307e+00
-1.782370799431386210e+00
-1.769765396526825185e+00
-2.073697990681775849e+00
-1.731842746965053026e+00
-1.894072214782902552e+00
-2.232167103212393311e+00
-1.969475470914825888e+00
-1.519626841641222637e+00
-1.864288252550735159e+00
-1.119564510818479297e+00
-1.402035661536468636e+00
-2.050170470404728551e+00
-1.771585039476126333e+00
-5.739261319069954848e-01
-3.522607440909216181e-01
-8.388048543920008093e-01
-8.083173084367086814e-01
-1.743341682601621700e+00
-1.091488554645093423e+00
-1.043088579666251459e+00
-1.369186323468749800e+00
-1.384397277934189763e+00
-1.459534618762567071e+00
-1.094536273125136905e+00
-9.325804957756734792e-01
-1.922601967390132005e+00
-1.580380667078832291e+00
-1.615064529680946714e+00
-1.057320945773514653e+00
-1.350966919317186932e+00
-1.977698359835357689e+00
-1.579961624651092578e+00
-2.626331402155647421e+00
-1.503194841093310030e+00
-1.664974214022870713e+00
-1.535154651858151365e+00
-8.731975825883478981e-01
-1.308679372727046264e+00
-1.049834124090652798e+00
-7.883792182074338406e-01
-3.272429326853659726e-01
2.167542945257568410e-01
-7.668641929758491793e-01
-1.567195703470691592e+00
-8.263861313809804932e-01
-9.193110067094130422e-02
-8.643746804208858325e-01
-6.267534042963847085e-01
-6.619903195820061592e-01
-7.228422661996198872e-01
-5.627275144211902891e-01
-1.032424973998376627e+00
-1.430419147776511135e+00
-2.748924860681206894e+00
-1.243603817335644290e+00
-7.633732028871372810e-01
-5.442758900117781184e-01
-6.692833515829803570e-01
-8.338273154717436020e-01
7.125758866976453776e-01
3.092950547597586586e-01
-5.757106529090476599e-01
-4.812541734260559756e-01
-8.679686859315154379e-01
-9.688359901797846119e-01
-3.827902119478076570e-01
-1.529236198119169332e-01
-7.920445686562591625e-01
-3.989110275132730088e-01
-1.256141763143652668e+00
-1.950749230485355090e+00
-1.017531336628499705e+00
-1.243634822099044079e+00
-6.661906330735274384e-01
-7.980624484401226126e-02
-1.384702497476863581e+00
-1.344628811927588652e+00
-1.732594605492341344e+00
-1.733049027435288325e+00
-1.058797351267213527e+00
-9.598240290625867921e-01
-1.126284756289222422e+00
-1.240890712619915792e+00
-2.670755669737460702e-01
-6.484034176614180689e-01
-1.024972300072763520e+00
-4.027043890564655504e-01
-7.119428792473284640e-01
-5.955479433541801537e-01
-1.794874710240541127e+00
-6.754398345653275237e-01
-6.385008656555601902e-02
-3.234375488118498843e-01
-5.730516615813646686e-01
-1.647091499501197154e+00
-1.817827654441609431e+00
-1.448041939855506666e+00
-2.170742991236679131e+00
-1.684020667320633713e+00
-1.795678996360485780e+00
-2.045979089558933595e+00
-1.529269387428499716e+00
-1.777459666779796610e+00
-1.788785345330936138e+00
-1.162673735842680189e+00
-1.862378228376090350e+00
-8.467491779877147628e-01
-1.744380188592889347e+00
-6.247047981810884831e-01
-9.263388209704155329e-01
-5.614745507016702941e-01
-5.348772441359991303e-01
-1.507270458467150798e+00
-7.194868585725632260e-01
-4.817959717135684716e-01
-1.069931463324779841e+00
-5.086411269235792121e-01
-3.813211614849886799e-01
-1.135401633469198979e+00
-9.765213172511557627e-01
-4.766513016834396654e-01
-1.972752777497359111e-01
-1.266851917173623221e+00
-1.290215692571903716e+00
-1.646659702427197614e+00
-7.508782011727900274e-01
-3.672875669820598876e-01
-1.199490533811119475e+00
-7.558557183159122506e-01
-7.230588879212531683e-01
-1.341238014121022948e+00
-1.553380649555183846e+00
-1.942217192576008777e+00
-2.153147368443667720e+00
-2.308187230386051780e+00
-1.980850405856313889e+00
-1.303880937823574726e+00
-2.110953595368586289e+00
-1.360526909023130893e+00
-1.843172968941225065e+00
-1.696001349015193060e+00
-1.533909965523955865e+00
-1.694559224291478428e+00
-1.603653874096500509e+00
-2.346995895321433157e+00
-1.316993423054494849e+00
-1.346761209679601556e+00
-1.669682443230062541e+00
-1.302264361278436366e+00
-1.356140751628813090e+00
-1.323367347844003561e+00
-1.569766283183656741e+00
-1.397803979272210784e+00
-1.722729911594638397e+00
-1.880446888881620371e+00
-1.860228649982464955e+00
-2.091262948569262647e+00
-2.314450468593817423e+00
-2.122300749900136729e+00
-2.067354511732095279e+00
-1.768762025112066372e+00
-4.641829501107111455e-01
-6.526671089189871600e-01
-1.353384447201993579e+00
-8.867771246112269301e-01
-8.280659289933574030e-01
-1.264664171205574839e+00
-6.398724407096801903e-01
-3.763113665103320904e-01
-4.026997952438706729e-01
-7.121742234217613987e-01
-1.369216334554004488e+00
-9.914413062578940616e-01
-7.049028597418075526e-01
-5.079993941819053171e-01
-1.618361329084969213e+00
-9.838784502909251328e-01
-1.723953756792283576e+00
-1.340990140198530245e+00
-9.383447677938200338e-01
-7.766075138779259257e-01
-1.099560166332443911e+00
-1.446946966018020087e+00
-1.612469483030047890e+00
-1.538297098266158347e+00
-1.270522456350556606e+00
-1.646577509433022612e+00
-6.468055181041091339e-01
-1.175252627457050503e+00
-1.511337153090260399e+00
-7.556819324768635493e-01
-3.969208706831383604e-01
6.259799110399130173e-01
-6.342111585198821899e-01
9.422230111876087055e-02
3.385582343800001004e-01
2.327158262790619547e-01
-6.166674788261101714e-01
-1.514468618713324111e-01
8.246833530039314741e-01
3.307450536545326059e-01
-3.502575392511058650e-01
-5.173110903886724010e-01
-3.803253256197168808e-01
-7.158334923020402696e-02
-3.949005348900016393e-02
3.168986433751925236e-01
5.786377363954594566e-01
-8.846894955464009239e-03
-5.607910169703619885e-02
-3.786824658748344508e-01
-1.233668101836290720e+00
-1.286504821628685624e+00
-1.502960848644670611e+00
-4.716403432190999223e-01
-7.038383775997993919e-01
-2.328638529834106963e-01
-3.312249111716775163e-01
-6.243829298121696958e-01
-2.651815009907853571e-01
9.241893747103710477e-02
-1.859243527485089365e-01
1.073818712756359872e+00
1.276541236230607501e-01
6.455625422683848313e-01
4.051666067369752988e-01
4.867012553956329146e-01
1.279440221902886421e+00
7.262383024857443914e-01
4.702477577159722699e-01
8.285754266123863676e-01
1.016964445887583945e+00
8.238051108434925052e-01
9.363870336449847676e-01
1.233298658329980535e+00
2.923202066491942808e-01
8.206528921531155429e-01
9.084219188066096073e-01
6.945529276510103989e-01
1.687815958609996558e+00
9.549889050796034340e-01
9.241062301866008744e-01
-9.076543519943316429e-01
1.330959216969079470e-02
1.365482493655243157e-01
2.016906024187903879e-01
3.634811171820287456e-02
1.296457101145800928e-01
-5.138780096036733858e-02
-9.379600169277787503e-01
-3.495199328303451036e-01
1.015782020831080407e-01
-1.993503303050571038e-02
-9.497807824434281732e-02
-4.327806130354798497e-02
-1.230093022778643158e-01
-3.983183655914308008e-01
-2.621718080926466188e-01
1.471381949354842733e-01
4.907868935355466089e-01
3.632408911620874786e-02
-6.966763061936590562e-01
-3.101248732669054653e-01
2.545985221305017698e-01
3.012477903479506280e-01
5.683412010140155290e-01
3.735559612601926371e-01
-7.003751676975801255e-01
-4.710250260054278937e-01
-1.464751128707290628e-01
-5.597654522635933105e-01
-7.509405449466410865e-01
-7.284028135675603144e-01
-4.642549360094782029e-01
-1.379360432295526351e-01
2.630126274936351871e-01
6.997844811659444941e-01
1.152327736728749191e-01
-3.566723377831586550e-01
-4.029492567440505213e-01
-6.298643367743552712e-01
-8.540926639629252692e-01
-6.478280525712698523e-01
-2.535061617111508125e-01
-7.596310533630202810e-01
-8.680782897131739118e-01
-7.487422365727182116e-01
-1.206199404408619724e+00
-7.692931929566303451e-01
-1.564807473311101260e+00
-1.339578625498303754e+00
-8.283859369252252192e-01
-5.824843741706565714e-01
-7.684295080920034993e-01
-2.466068973595714753e-01
-2.172075521849281543e+00
-1.534390575884138075e+00
-7.933982135604633612e-01
-1.353576565815366228e+00
-2.034454061413825343e+00
-7.818294382846785462e-01
-1.448376010722733698e+00
1.676348258321493367e-01
-4.571232385099987527e-01
-4.316556147918773068e-01
3.382341312120375476e-01
-6.957466243098244796e-01
-9.865255805588720728e-01
-7.874853498894415216e-01
-2.055532020299151164e+00
-2.060521809361090639e+00
-1.259804285653227662e+00
-1.681739288856414438e+00
-2.183504476312525533e+00
-1.411899126212343036e+00
-5.161671779257276382e-01
-1.945656757861579322e+00
-2.450204184783201899e+00
-2.585686161099874258e+00
-1.711746225024940227e+00
-2.752610360414095236e+00
-1.662524821992076740e+00
-1.495604123336701452e+00
-1.055557507115085336e+00
-4.414581818304936789e-01
-8.956669232682299420e-01
-1.639408512172328081e+00
-9.496392566277090941e-01
-2.356056959833432718e-01
1.986033260960411440e-01
-1.128033075163463295e+00
-8.296424452247125325e-01
-6.951317588087491117e-01
-9.992538477100686434e-01
-2.445301309020436464e-01
-6.953379064629072737e-01
-8.157428809780209455e-01
-4.007152061514762664e-01
-1.309599374850976883e+00
-3.822787160196936540e-01
-8.400010087523833713e-01
-7.291679872385290473e-01
6.457034008077519038e-01
-2.198079383387762098e-01
4.035815110237396253e-01
6.588733733727593078e-01
9.651852489248881062e-01
-4.669276519669566250e-01
-3.048460559317588484e-02
-2.199726516826006895e-01
4.423635256834364538e-01
1.331758167073232857e-01
-1.968294480866086549e-01
-7.017592257038367254e-02
1.150475293508264746e-01
-5.835966288945038105e-01
-1.270259763092247418e+00
-1.417322844041145835e+00
-4.203785263326600963e-01
-1.245060427475430886e+00
-1.206691598468342619e+00
-8.902841424333175491e-01
-1.817093435571704330e+00
-1.502251876926821383e+00
-1.093671703043032517e+00
-2.438197010035758061e-01
-4.218528183980773116e-01
-6.185811829500637016e-01
-2.673901803645190034e-01
-1.293957371591544225e+00
-6.858258088296953492e-01
-2.070445534392486783e-02
2.094713208876559929e-02
-1.571750084631561573e-01
-5.533294815876306227e-01
-7.420462323398006044e-01
-3.427064638110127737e-01
-2.309521543664502241e-01
-5.465520874957321418e-01
-2.058197695170748798e+00
-1.082595927519365064e+00
-1.337471168682207168e+00
-1.904018423724704423e+00
-1.764405266783555026e+00
-9.091364091847261575e-01
-3.815119907453763393e-01
-1.345547966876101453e+00
-5.646727416058539006e-01
-5.401570599982339349e-01
-3.328450850603932865e-01
-3.579322977465747013e-01
-4.309565881025353984e-01
-1.129472114527272808e+00
-1.649974583614278290e+00
-8.227541519067320674e-01
-6.944083782179717446e-01
-1.162806325141237940e+00
-1.070895599911181328e+00
-2.033614736931097955e+00
-2.649929031787904510e+00
-2.595033649419697941e+00
-2.256083565718860928e+00
-1.803608248620704124e+00
-1.676822405553684447e+00
-7.479221728916730649e-01
-9.737606512128973435e-01
-1.950613516774377665e-01
1.486679767364607885e-01
-7.937731864974072460e-01
-3.811228023532820530e-01
-3.996731247332695192e-02
-6.970444539133862083e-01
4.639371260271645814e-01
1.041538332194341665e+00
7.812695273859678879e-01
-2.604946602310445614e-01
1.859288641281399146e-01
-7.463790033363977283e-01
-6.169795440197890501e-01
3.376800213573362686e-01
-1.113784625422477581e-01
-8.078073953242508320e-01
-6.075559128172505208e-01
-7.151250700519450332e-01
-6.105732526817350125e-01
1.768846257302540692e-01
-8.776829217614304790e-01
-6.312511368297398784e-01
-3.199045960907865305e-01
-3.860046705074736684e-01
-6.008457165772965736e-01
-5.651884060693131984e-01
-6.415620091636521360e-01
-1.113721732918435681e+00
-5.380352993402363060e-01
-4.863380062736394893e-01
-1.673470732472951139e-01
3.742083865640076223e-01
-2.466654096424756581e-01
3.220695463804221226e-01
-5.410023466130123859e-01
-5.906186855315503914e-01
-4.835001761207174398e-01
-1.140283098350225899e+00
-1.991471097669540669e+00
-2.351679973939092338e+00
-1.668436540295199055e+00
-9.327914953866840442e-01
-3.256912086869372391e-01
-5.169926795453113622e-01
-1.183714391357319595e+00
-3.591994546915637243e-01
-6.501105976945766862e-01
-4.823730595425235190e-01
-4.838853128280465321e-01
1.307896816870364187e-01
6.765275420504810455e-01
7.104506327958243217e-01
-7.842529610700695875e-01
-1.843269238878307847e-01
-6.675275333081974738e-01
-1.121613995096110150e+00
-5.923057265186737474e-01
-5.140567891627511043e-01
-7.112660989300687020e-02
-4.074491459622782141e-01
1.434781342597569287e+00
4.201096859162099517e-01
4.819491653272989784e-01
-7.599581471660172838e-01
-5.860469050254408785e-01
-1.143676157932040915e-01
-1.041595376993084132e+00
-4.971707601706821245e-01
-7.141409072988822437e-01
-1.049166781982459051e+00
-1.050471451718101079e+00
-1.378476621691519854e+00
-2.334947116349093132e+00
-9.607743364607566061e-01
-2.735314948544466732e-02
2.237059810220132505e-01
-4.067185499922637559e-01
-7.884865175196705822e-01
2.779353818871861947e-01
-4.234684826822964765e-01
1.290895710801548413e-01
3.232476683889339286e-01
4.698184191337216875e-01
4.718229362135403226e-01
3.249887406916657229e-01
9.426222928856863303e-01
1.154311303259436122e-01
-4.291358866208534462e-01
5.880342161105133192e-01
6.928400806902379472e-01
5.786765635414709008e-01
1.605469611881598091e-01
-2.212415005286728353e-01
-4.472465206284828021e-01
-3.941091878237463209e-01
-3.942838778266167243e-01
-2.911280952841568403e-01
-9.682538981801823708e-01
-4.452099898156610114e-01
-1.664127970989728866e-01
-5.591635148111323561e-01
-9.635223747027351626e-01
-4.646990534523238736e-01
7.324827786323340195e-01
1.557544086024122143e-01
2.644851409506115969e-02
-5.312337075163627853e-01
-3.796439094178101770e-01
-1.176301649806799521e+00
-1.254151487221242478e+00
-1.091543083784521917e+00
-6.273994686672230703e-01
-6.003150427848501502e-01
-3.434756106116738650e-01
-5.021095754731088601e-01
3.995336273120868587e-01
-3.953551274579266694e-01
-1.386154286184896112e+00
-1.208401973538873353e+00
-1.821150858168207654e+00
-1.331643510884525705e+00
-6.425241105984796919e-01
-1.091328587308313169e+00
-1.221246371993176316e+00
-1.829242756898354028e+00
-1.636056674328662641e+00
-1.577470689967575002e+00
-1.459937747924851648e+00
-7.308487106415213486e-01
-4.398960685213600952e-01
-6.146351463898709344e-01
-4.317269513943328696e-01
-1.039486688925012281e+00
-1.700742728841984963e+00
-2.034852006303789373e+00
-1.528949895949343274e+00
-1.847515991285721748e+00
-1.032075222991865049e+00
-8.953799696253174345e-02
-1.681242757097587415e-01
-1.045324729995623370e-01
-1.440517275941242126e-01
-9.641014689287702444e-01
-5.526579021125248570e-01
-8.835173897696082523e-01
-9.771760684155808008e-01
-1.205022718634493728e+00
-1.593453764725649924e+00
-1.574352160204317119e+00
-2.356371601558322038e+00
-2.695160717940730866e+00
-1.832045517618583030e+00
-9.371578035580921950e-01
-1.467437718343960196e-01
-5.494347563570631809e-01
6.465948332708347790e-01
-9.953458017230534804e-02
-4.808156992253108664e-01
-2.333180124452520765e-01
-1.247217865357230115e+00
-6.817818717025061481e-01
6.812803065030297034e-02
-3.021924188238381825e-01
-1.175956633519024574e+00
-1.027824118840428236e+00
-1.473043038745070143e+00
-5.218813599654549273e-01
-9.897894931764815718e-01
-3.224142961182238643e-01
-8.326276247362714988e-01
-2.421062319026114906e-01
-4.134720538623658515e-01
-4.304981687536365009e-01
-3.011939624693447115e-01
-6.105354076095640403e-01
-3.212579161833115649e-01
-1.166140664225031376e+00
-1.285465865166723676e+00
-2.164058768576044775e-02
2.262848989234667318e-01
-8.743333480875624675e-01
-9.490226371928166538e-01
-1.755060530397397400e+00
-1.502604876326772310e+00
-1.609213996256795953e+00
-1.492358478441409009e+00
-1.453866309307283000e+00
-1.359214767691855785e+00
-1.040878461848489200e+00
-1.137581153712492688e+00
-1.619442041134489640e+00
-2.143875651394975268e+00
-8.812888710860362629e-01
-1.167014764451110853e+00
-1.284765423574412813e+00
-1.164574360325350666e+00
-9.390121567861461349e-01
-2.068276695212014626e+00
-1.944123580857385791e+00
-2.885373291525707984e+00
-2.002363194762318166e+00
-6.842674855344710316e-01
-4.885143235748060087e-01
-1.327814219724090083e+00
9.793805558273148415e-02
-7.601645908226184467e-01
-9.109825139647746983e-01
-9.210428001300782208e-01
-9.975521861017927483e-01
-1.420377840047707396e+00
-7.343904541458288193e-01
4.812879141957850104e-02
1.199293027066371253e-01
-2.129287229840148010e-01
-2.715141416591727586e-01
-6.393504259033678805e-01
-8.458146143613399781e-01
-5.589148639171905714e-02
4.584859934469169285e-01
-1.157548452329136418e-01
2.876957492117855897e-01
6.593641986048311976e-01
-1.020340047259178817e+00
-2.713734008566780487e-01
3.896972920748110192e-01
-4.611184555808810481e-01
-3.295266421466908069e-01
-1.185645294856299437e+00
-7.624308143041041985e-01
-1.272105300927595772e+00
-1.416159101532892040e+00
-1.466768502161697629e+00
-2.254905460907980608e+00
-1.146928069577247689e+00
-3.092739201574331576e-01
-5.945888598865096686e-01
-8.014803967115375904e-01
-1.142358823724971550e+00
-1.558211289401239874e+00
-9.607556244738700846e-01
-7.020946022067742209e-01
-2.748784015742239406e-01
-2.705849195310368049e-01
-9.406956660238150469e-01
-5.192086048610021765e-01
-3.843600077991267683e-01
2.538806033609720264e-02
-1.325229539508959942e+00
-1.594855417759124538e+00
-1.548414447081569278e+00
-2.190465591395342582e+00
-1.451040628779606489e+00
-1.888119648528204575e+00
-1.615309287654089987e+00
-3.823563186272498360e-01
-2.780414069171038283e-01
-9.906284020212384744e-01
-1.243795270070875425e+00
-1.520200920226133512e+00
-8.803743121139592231e-01
-1.026958510910565225e+00
-1.244595393120269122e+00
-8.043151302579925055e-01
-1.424212862041277061e+00
-1.579137497146918756e+00
-8.284101030368812291e-01
-1.276027658067112380e+00
-1.641466367121755976e+00
-1.278499385873283822e+00
-1.671557905277935907e+00
-1.268562407179599116e+00
-1.465079424282911935e+00
-1.380840906866055651e+00
-1.954380986561979450e+00
-2.730112253680425649e+00
-3.219536247296296061e+00
-1.842204904594318737e+00
-1.191865135426542155e+00
-8.574979481393049108e-01
-3.559544419060650666e-01
8.284316379618469339e-01
-8.940397748485220952e-02
-7.033530352655478213e-01
-2.468540479262611720e-01
-5.943049694541805428e-01
-7.503502595834429245e-01
-7.548771798781480635e-01
-8.607115316211023659e-01
-1.509859171482967444e+00
-2.356135809617602161e-01
-4.763573926153163440e-01
1.177523190099812392e-02
-5.306980458103106590e-01
-2.898155085566247458e-01
2.184940381803119891e-01
-2.554967286384840497e-01
-9.442983663366631697e-02
4.725983212688775748e-01
-6.292246032932796718e-02
-1.345642383006568688e+00
-1.910803613946462365e+00
-1.120964298259653713e+00
-1.699870134823457279e+00
-2.150483053972116032e+00
-1.655556174438886696e+00
4.839761624960422365e-02
-3.484663004123171315e-01
5.940836831223414993e-01
1.500894712742143700e+00
7.154256144655799510e-01
2.434340389576352404e-01
8.459924279846668949e-01
1.370569504194756538e+00
7.878253030043907978e-01
2.095948166823420777e+00
1.073503061330195019e+00
1.152344100640186886e+00
4.048760094740062598e-01
9.277068786558686497e-01
1.361837840537442501e+00
9.653829048642295074e-01
6.035592742470742289e-01
6.750327782202075744e-02
1.038102881201220296e+00
1.469771946211680058e+00
1.456665108260326358e+00
1.064661770337343105e+00
4.648536118675897777e-01
5.849647735683534133e-01
1.115876588755659204e+00
1.609610974108901971e+00
1.489348413068652288e+00
8.155651493081270687e-01
1.637517976165814515e+00
5.061865641022771367e-01
3.209196281243224536e-01
7.701272417698543649e-01
7.463459912825500808e-01
9.326893972375983610e-01
1.000673694222694587e+00
3.172836038544103038e-02
-2.829299452073092969e-01
5.370604347727152561e-01
1.861247462063016916e-02
4.476740707508350403e-01
7.729282082545883004e-01
1.331402023644759069e-01
3.671414340495821604e-01
3.638954682106766425e-01
3.886743498600361280e-01
-2.803334619863548371e-01
1.484536779915431037e-01
1.027357765395302269e-01
-2.305035076361953705e-01
3.117964941597196060e-01
2.876424458977958759e-02
-4.475519459778924958e-01
1.419797509437712990e-01
9.068878423051441873e-01
1.042326203628321846e+00
1.056438569388344018e+00
2.864663249344586715e-01
2.817930911360324586e-01
-8.907618458127038868e-03
6.839551834549995046e-01
7.805957904495849364e-01
1.754773453128040950e-01
-2.009871242718421491e-01
2.187126458447078148e-01
6.402075945642016208e-01
4.499690012751317303e-02
1.128411167679311128e-01
-1.240725532296743788e-01
2.997390503152477792e-01
1.248038757476521710e-02
-4.497378540746699849e-01
4.524189931853336288e-01
1.368651661960014199e-01
8.838327130529187725e-01
1.765665972270113793e+00
1.102312086141608860e-01
-5.641602196014277038e-01
-1.323785647492986772e+00
-9.500692695153946099e-01
-1.506510107667107246e+00
-9.991408606812032245e-01
-2.566037244972140807e-01
-3.625518410079301423e-01
-7.168479320734655325e-01
-1.664338788442335293e+00
-1.410807355617337500e+00
-1.592576627891926666e+00
-8.288175175486202084e-01
-3.400778155946276859e-01
-8.350466615130816006e-01
-1.406402023091603670e+00
-1.024852465670374579e+00
-6.405625570056967533e-01
-1.349862105221261155e+00
-8.930633648484549436e-01
-9.426303718255781838e-01
-6.003222972644191024e-01
-8.909566972683164998e-01
-8.798613520583402625e-01
-8.031902091864996374e-01
-4.993358739393681800e-01
-5.531064497517091949e-01
-4.113752440063494359e-02
-4.603028365653509535e-02
-6.721678417164441699e-01
-4.977564129127146075e-02
-1.049529766367720329e+00
-1.081283106237793668e+00
-5.708350391517940103e-01
-4.811183254836166601e-01
1.841913664103297099e-01
-1.212003304104084661e-01
-1.713198974440042696e-02
-1.212677879971859163e+00
-9.550259869348178832e-01
-4.432271915024552089e-01
-8.005073182975744883e-01
-1.068430296860598760e+00
1.200656264815497531e-01
4.474452868512059089e-02
-3.203701819283297780e-01
-7.798628823885229711e-01
1.121154819202523079e-01
-3.967228766718473021e-01
5.286548722987465254e-01
2.248468707696717542e-02
5.549242764724600097e-01
1.027788833129445800e+00
-4.909896778286884089e-01
3.008331927975354536e-01
-1.037326796728347822e-01
3.175190780224977360e-01
-6.356808935042578268e-01
-4.110369782515662096e-01
2.070124214359551906e-01
3.123429784334989523e-01
-6.347623533833356146e-02
2.004622527571011115e-01
4.828598986422681372e-01
3.960376279975782315e-02
-4.021278389805714171e-01
5.841817639064019740e-01
8.200962273525775892e-01
7.095101870710063263e-01
5.480390061768865007e-01
1.114995394042056637e-01
-1.169975816313712835e+00
-1.004649544511997616e+00
-4.601296094125015834e-01
-9.508273241359933570e-01
1.013388746181374811e-01
2.529968772672773203e-01
-1.663584801505585409e-01
-8.516152024697544176e-01
-9.373523070467250085e-01
-1.464098528072492966e+00
-1.957470641679531997e+00
-9.763938126374266391e-01
-1.387143983186525764e+00
-5.604425430301631650e-01
-9.227588434049559529e-01
-6.132212866215838165e-01
9.471217351905811266e-02
-1.908448900280905192e-01
7.365920712918812285e-02
-7.098984719341742446e-03
5.184385628905739951e-01
-2.303772103740082122e-01
-5.592916588831052804e-01
-1.077962823661082759e+00
-1.395394724002500864e+00
-1.097643875173719863e+00
-1.603924989421807723e+00
-8.958513961825989025e-01
-1.087994289856259122e+00
-9.538818171347418495e-01
-1.199335308606731099e+00
-1.898396702795560165e+00
-9.804679236586442137e-01
-5.803296366277693741e-01
-3.963627443602728007e-01
-5.206041688280416135e-01
-4.404906430292840902e-01
-1.297207242128549209e+00
-1.628323989410433326e+00
-1.241183276105571442e+00
-8.499700514920833783e-01
1.326811343546324684e-01
-2.033977951477256296e-01
-5.343551019600619734e-01
-1.023401996395580049e+00
-1.131587777277687445e+00
-2.067603853445119655e-01
1.211934125628835457e-01
-6.970391970980983620e-01
-6.361119835619601925e-01
-6.359305825404691914e-01
-2.950619447575789644e-01
4.683765374916695201e-01
1.047153512604526854e-01
-8.613199074804610555e-01
-7.148100833216329830e-01
-1.183915085813227908e+00
-1.336880801903205462e+00
-1.174791123024572892e+00
-1.332140908333152796e+00
-1.634432921559278329e+00
-1.287998477693288013e+00
-1.138059320252215123e+00
-8.876366830900910276e-01
-7.878012355625473306e-01
-1.562497218094422990e+00
-2.156042522513188064e+00
-2.394552522288718954e+00
-2.044596224876063406e+00
-2.249109527300027889e+00
-1.066760242772070155e+00
-1.716186126998862971e+00
-2.169401330738081946e+00
-1.671561788686517280e+00
-8.933372073064720364e-01
-1.280584182246180092e+00
-4.586652373788325243e-01
-1.438594874716255134e+00
-5.003587194404651717e-01
-3.906776113064343026e-01
-6.640429356916015546e-01
-8.464076091411678604e-01
-1.343789448826442134e+00
-9.778126150442703057e-01
-1.157229799192845077e+00
-1.331450705683394187e+00
-1.021375894583501198e+00
-8.122778891152448999e-01
-6.640306888780865835e-01
-2.476174104469464621e-01
-9.767903872713260549e-01
-3.051968845504626215e-01
-1.469755514350401748e+00
-8.338476603870057513e-01
-3.380894658499407623e-01
-5.699962659486275118e-01
-1.499149189873826060e+00
-1.273948130829202885e+00
-1.568886103456047509e+00
-2.205594331720730494e+00
-1.104885724015358450e+00
-1.750471928289172974e+00
-1.154798759402836827e+00
-1.768620161656873524e+00
-1.411537356924004838e+00
-1.322378205668342188e+00
-7.462694969457018823e-01
-9.433149198540038416e-01
-3.802003825815977733e-01
-4.821648798385648194e-01
-2.253558847816592714e-01
5.628671161546086044e-01
-7.764231612567901175e-01
-1.282663501391635208e+00
-6.697077421662666064e-01
-1.560811610390345772e+00
-6.810716664841551804e-01
-1.078352602816433192e+00
-5.365542250553372305e-01
-7.142230886262873613e-01
-1.961497129287946173e+00
-1.148579165726891782e+00
-1.349172182100265571e+00
-1.696895054491737609e+00
-1.348813204578330982e+00
-9.680740682991276769e-01
-1.172444207622670431e+00
-1.640629753788037215e+00
-6.096752703960907072e-01
-1.751113214602502133e+00
-7.882444571476753259e-01
-1.528203515196025764e-01
-6.597372401227263872e-01
-8.914716967134326264e-01
-1.041226494309012818e+00
-9.660384255951476318e-01
-9.756203220953973965e-01
-6.804897822709924382e-01
-1.209890858017261150e+00
-1.251993227300326028e+00
-1.184547227443366157e+00
-1.122308326478103524e+00
-6.884708707211265599e-01
-7.110513381823476697e-01
-1.387030142691953127e+00
-1.132333298622992146e+00
-5.931009644026051797e-01
-1.157589191979207843e+00
-1.572561209851521813e+00
-1.010347813351259560e+00
-5.227029630182778996e-01
-1.102435901788876293e+00
-1.512757357773128586e+00
-1.375478769211190055e+00
-1.372189879497769827e+00
-1.800211707017180585e+00
-1.993299017316678690e+00
-8.905743013205303926e-01
-3.958614626209698284e-01
-9.682691979490383183e-01
8.472134996887038805e-02
-1.173595208366978060e+00
-1.191406690091540543e+00
-1.745986417477517927e+00
-1.386570665595463492e+00
-1.366313877587051362e+00
-1.865061526193305008e+00
-1.942616642194612275e+00
-1.003570311106338986e+00
-1.272353004006713029e+00
-2.641626955308121194e-01
4.788930974748871749e-01
-2.248043228560551721e-01
-5.766270190646155536e-01
-3.278527485844082712e-01
6.163613470734599087e-01
2.575499379855480594e-02
-5.304154751105986110e-01
-6.386299187755025697e-01
-8.534245509437177191e-01
-5.010167637477228597e-01
1.207436279799700141e-01
8.356494147567475328e-02
8.619069360459974405e-01
-1.405123030575541887e-01
-2.577525702571489274e-01
-4.917625300369470320e-01
-3.195279879015812674e-01
-2.380892489705185577e-01
-5.180010699742397806e-01
-5.135779339953575606e-01
-7.217517662026802228e-01
-1.392504718782836770e+00
-1.256204758861772408e+00
-2.099210565425958297e+00
-1.661425155798869069e+00
-2.661537895037497048e+00
-2.227220420614748342e+00
-1.678150658984152166e+00
-1.995888589162248872e+00
-1.725026782627912425e+00
-1.112252583493134273e+00
-9.701617423693764675e-01
-9.662446231131059937e-01
-7.823198251292104999e-01
-8.632109331599481239e-01
-7.158808659320406997e-01
-1.910007113056642947e+00
-1.554498902792051940e+00
-1.162623280791245106e+00
-4.027158161744829323e-01
-1.749641000810052693e+00
-9.309927721447099902e-01
-1.406267198754053371e+00
-1.485640294494805724e+00
-6.396495283008659660e-01
-9.796828840232015834e-01
-3.846443807016144412e-01
-1.458378362491738120e-02
1.244846591777159020e-02
5.459668500364180943e-01
-1.035442758497364890e+00
-1.763343996379063361e+00
-1.587551720959931911e+00
-1.001505710438242325e+00
-3.535298752056364457e-01
-8.909949122307411762e-02
3.830114657024178970e-01
1.082581603182867086e-01
-7.773258619877573827e-02
-8.171955188915700496e-01
-1.008664290889612403e+00
-8.240563867726272695e-01
-3.823057230306773357e-01
-4.085178885091911849e-01
-1.752645532961212838e-01
4.392347461506903444e-03
-5.856648739584619998e-03
-4.620242218675326210e-03
-2.394719611383178404e-01
-8.232834770341777020e-01
-6.439374683388044973e-01
-3.139186492085142000e-01
-2.477806543208473655e-01
-3.801054000698357860e-01
-8.078021147545471070e-01
-1.129337582296217279e+00
4.479894341272951386e-01
6.363823503536942816e-01
-1.368225658400203659e-01
-5.440543117037346388e-01
-6.516056394538750629e-01
-3.358100560789430977e-01
-1.187092841029383061e+00
-1.180126299174408366e+00
4.544109398510639553e-01
3.309632003967185598e-01
-2.788661431220956777e-01
-3.163288540957374106e-01
-9.466678716671717009e-01
-9.038901431672023701e-02
-4.256093960163056522e-01
-1.096054826489504475e+00
-7.916899697751509368e-01
-1.476313213112083966e+00
-1.281123405443986174e+00
-1.780923469588935326e+00
-8.418875317162130001e-01
-1.247765574355782725e+00
-5.586698441062263321e-01
-2.710516270901675573e-01
-1.074713225685848483e+00
-6.870558065907182987e-01
-7.364454665931665645e-01
-3.560152640675757207e-01
-8.152619954993932661e-01
-8.754725256110460485e-01
-5.135218599745100532e-01
-5.687602827095542546e-01
-5.642282198871445553e-01
-4.041620830734002912e-01
-3.703407312619493852e-01
-5.428734703636739489e-01
-1.408804203535150013e+00
-6.741572180984853890e-01
-4.209861266464220986e-02
3.834869846634609836e-01
7.953688414917114979e-01
-6.393809097065514813e-01
-7.843214540937415435e-01
-2.255781548643449319e-01
9.332807376075402672e-01
-1.791948030764497213e-01
-4.810513564449572788e-01
-3.545345054126728956e-01
8.030640231598198953e-02
-6.155355858580345840e-01
-9.295659416577742862e-01
-3.999076915287046452e-01
5.651840816824379443e-01
7.167924224461732496e-01
-1.069918127393692103e-01
1.324730585659798787e-01
6.005141375156939354e-01
-2.479868715482549668e-01
4.922209974082398798e-01
8.307718900966876152e-02
1.099335085253054789e+00
2.342329817074010334e-01
9.555234466480798661e-01
5.348421737302153089e-02
3.273140608789171790e-01
-2.858564850425464599e-01
-2.409766335098808832e-01
-9.899937706203342479e-04
5.380805728407231925e-01
-1.754914192864938105e-01
-6.062843920486311600e-01
-1.903652351892709538e+00
-1.860470164879268529e+00
-1.497002586117535117e+00
-1.164503474076669987e+00
-8.601315952318826508e-01
-4.981603443231846229e-01
-1.015794958553621452e+00
-2.299951214715698911e-01
-3.673786518848682903e-01
-3.728509960499121756e-01
7.525858564025401931e-02
1.267730010030231336e-01
-8.560014283305956706e-01
-5.397643756381963198e-02
-5.387399321589805279e-01
8.408123920897321579e-02
3.690269788941948903e-01
-1.404053081030949557e-01
-2.676074926796780939e-01
-4.600741104418299976e-01
-3.712680746321464498e-01
-4.113292064272561777e-01
-1.857555406214830285e+00
-8.807443670433106053e-01
-6.424192562814847740e-01
-7.593242317179305090e-01
-1.447899680149728807e+00
-7.170238019945659458e-01
-1.106153981308393153e+00
-8.930509777648241165e-01
-9.124184470006817538e-01
-1.302497758598865296e+00
-9.700828385841440138e-01
-4.712336312459743104e-02
-9.423337694986062829e-02
2.397813734589371581e-01
-3.209451182191184748e-01
5.399294645586221186e-01
3.190365239301241607e-01
-2.402259239843964334e-01
-2.220777954071616600e-01
3.466680361761457357e-02
-2.083238667569429492e-01
2.206069906747333942e+00
1.980620796307702491e+00
1.031318502679489990e+00
1.574226951909066807e+00
4.146756211383069157e-01
4.024414324960761680e-01
7.440574605986495504e-02
5.833475149239501084e-02
3.704309625434863001e-03
-1.599436175788124526e-01
5.225081255986666617e-01
-1.634077616283081402e-01
-7.890642288325004916e-01
-4.402540235871331420e-02
3.404663059628326160e-01
1.353333418669237093e-02
2.646042434762723161e-01
9.421591984441040069e-01
4.885151518282645350e-02
-1.293118130873946101e-02
-2.949965368286620593e-01
-8.742910401805029097e-02
-9.250172081092612741e-02
2.928908785220066258e-01
4.385429925145692409e-01
1.160355472918253694e+00
7.316904718560560683e-01
1.775573065798299321e-01
-3.931297396884528839e-01
-7.087223205049740515e-02
-2.312930014320861982e-01
-7.951227949300203601e-01
3.822983103990644782e-01
6.805380949660025935e-01
-4.945514981361114892e-01
-4.650871463675784190e-01
-8.327166657410488559e-01
2.318462711714952829e-01
2.681488899481778709e-01
3.626396968677897958e-01
4.516248762888827595e-01
2.442895838714837509e-01
-9.879822732766910254e-02
1.005090778086181968e+00
6.638762380586016310e-01
2.477059205107733780e-02
-1.005147330708638931e-01
-1.040163443149890510e+00
5.651620465331084198e-01
9.871764051149261032e-01
4.503907114140251466e-01
3.991874550616695272e-01
6.042700823045045189e-01
-3.408232597946512232e-01
3.738865500190021174e-01
1.931268358109475003e-01
-8.090949786552195655e-02
-4.999330437336743094e-01
-1.058469581718809588e-01
2.555992209836106532e-01
2.206019593914400057e-01
2.784810328206464569e-01
3.041023116217549394e-01
5.071496336932910243e-01
2.725436767905082824e-01
6.314681892621970549e-02
-5.713914266694122834e-02
7.647570458516973479e-01
6.347199758296580008e-01
5.182562269408288458e-01
-3.501059463417200424e-01
2.274928889339626337e-01
3.089390426864454531e-01
1.643428058364151956e-01
6.809125950082510759e-01
1.051322036298038221e+00
8.440974447250128021e-01
8.383295823736676144e-01
9.502528431198057346e-01
1.418589654411758660e+00
8.010626705685240934e-01
5.784610090480252209e-01
8.977679244420524451e-01
9.542657978634022653e-01
4.570850979559916705e-01
1.145332996088477051e+00
5.622671098668240441e-01
6.927264646348407773e-01
1.483402947862299204e+00
1.712986315333264731e+00
1.283041196732410238e+00
1.026580796755327096e+00
3.517801743560592942e-01
1.235849080855679016e+00
5.424954334499424435e-01
9.047541016947788783e-01
5.971797148794806276e-01
-7.472163179410842848e-02
-8.280373387950766551e-02
5.292327522431520270e-01
-8.810543574870097205e-02
-8.718765321769607057e-01
6.830343535824396906e-01
9.615165670946893561e-01
3.238464988918493548e-01
8.339421573948060384e-01
9.820212160090457942e-01
7.666961027257280792e-01
1.442893373844771121e+00
6.687850381871330852e-01
3.195168992086637738e-01
1.576356862116141400e-01
7.300836168002460269e-01
1.545908442726388943e+00
1.184794202595366386e+00
6.544365452075983081e-01
1.413520473472571037e+00
1.214981735425243681e+00
9.838027450304814847e-01
2.332285251225698353e-01
7.210205180485477205e-01
-7.146726538593251542e-03
3.600367663532718088e-01
-5.063460755917854605e-01
-7.904905540908506723e-01
4.102760569689370973e-01
2.771129283505792129e-01
-1.226002753368012760e-01
-3.585925630624080540e-01
-7.356870598039370046e-01
-3.677840629611182632e-01
4.147416450816840405e-01
-3.943720721444362587e-01
-4.896840748980540448e-01
-1.262224378810972991e-01
-4.936042177912084439e-01
-1.875683858587018804e+00
1.329911300076690450e-01
-2.667345073923506060e-01
-5.579952953153416439e-01
-1.945520526748401313e-01
1.163745084075095138e+00
-4.079375464111981708e-01
4.157016241343114427e-02
9.364574935871440298e-01
4.028788251478175875e-01
-4.212674788378150126e-01
-8.438072702762298150e-01
5.592459821692334909e-01
-9.363409655820970068e-02
5.732684454417064090e-01
8.805388632457071818e-01
4.296636840346861330e-01
1.081790739046956329e+00
1.693009270320317838e-01
9.810375568567509807e-01
3.942193053877666720e-01
3.851199576148109927e-01
1.932458334506853004e-01
4.570781455517187730e-01
1.069117882940572972e+00
1.037969805805415202e+00
5.495418767883120115e-01
4.305017717632572127e-01
3.957240200412459608e-02
6.345172148849576033e-01
2.785943322483948603e-01
-7.029968106334205658e-01
-7.711212866389886844e-02
-4.199236745564442486e-01
-1.578335189366419644e-01
5.985021593647261717e-01
-1.718400252333646960e-01
-1.377549088036289504e-01
-9.833090248587082749e-02
1.363410786940588926e+00
4.085062478116779361e-01
-1.931571747313275134e-01
-3.484388096486887854e-01
9.553339442542593818e-02
4.648956559505079949e-04
1.074336252306106326e-01
3.260312986900826271e-01
7.254235113825880932e-01
8.652506593435329574e-01
1.080603205068992878e+00
8.302483133790620196e-01
1.008754731370479218e+00
1.000327926183118832e+00
5.077012907919626894e-01
1.313871541181429903e+00
2.221644568534149045e+00
1.713715182952235461e+00
9.336820802476269998e-01
1.191504054568617299e+00
7.582367469738382493e-01
1.223122510958380982e+00
9.667068250017413211e-01
1.547375938041322188e-02
-1.170073045950316137e+00
-2.205560064114816254e-01
5.241120151471492100e-02
-2.106507980559902959e-01
-5.256560912518587481e-01
-5.749849321852581463e-01
6.920064329047995733e-01
1.364537060829586368e+00
-4.818478752520967689e-01
-1.671138788059688629e+00
-1.544906453756600850e+00
-6.352528935106596109e-01
-1.051300429728865726e+00
-7.338048668873352609e-01
-3.733348785274051562e-01
-1.041150968037866331e+00
-5.096000760015703124e-01
9.687094245697641659e-02
-7.136157766881724429e-01
-6.830044473228797930e-01
-5.722562278189471385e-01
-1.160901935500113641e-01
-5.881170848951758900e-01
-4.142332357221268913e-01
4.169077316339645511e-01
1.072866820497896528e-01
1.640249851620745603e-01
2.929802386716027773e-01
4.702068880136113238e-01
1.485809299237706771e+00
1.339376405112097101e+00
1.247989726716218106e+00
1.793411012008198524e+00
6.883567213747763258e-01
1.067304644273771030e+00
6.072287173790251735e-01
6.471792478285006700e-01
4.703835450388563211e-02
7.296008807196771029e-01
4.055211701619133580e-01
2.581494855505770958e-01
1.157269158352813437e-01
2.701446420475842394e-02
5.390958093524764738e-01
3.883864431659861949e-01
1.083185797957726404e+00
1.520968383091574894e-01
8.530125950935314449e-01
1.100556928634288667e+00
8.758683235626758545e-01
4.812820948186758430e-01
9.392469414615725043e-01
6.802436763964294641e-01
3.420085504263194465e-01
-6.018568138952003210e-02
4.527803323166468830e-01
5.117882855439538359e-01
-1.587733864891920782e-02
4.683189256060902306e-01
1.157476708905943452e+00
1.227769863757202096e+00
1.231575150046191780e+00
1.169752695363336814e+00
1.455132835329535856e+00
9.905663922719827319e-01
1.985726407849162101e-01
1.135424315089885505e+00
1.479628994972585376e+00
9.492288509302749810e-01
1.398113721026856604e+00
1.264965655641406173e+00
8.918956277266669730e-01
3.016107553280994447e-01
3.730630174241679198e-01
-3.921320164642315698e-01
-1.613426302850345662e-01
3.654235004745196580e-01
8.951086448799565609e-01
1.101579980195166675e+00
7.851600533847530317e-01
6.206069816672097339e-01
1.787662015404825722e+00
1.388704346560920788e+00
1.051951693851902014e+00
1.185340680459051166e+00
1.208866279605931515e+00
2.325064795441472987e-01
1.013515630150476632e+00
6.371731029039561234e-01
1.034102932131610642e+00
4.121056642856459895e-01
1.819475800555142575e-01
4.748036035340593708e-01
4.000866790099656956e-01
6.368297122441649583e-01
1.723256166733573735e+00
1.464736853379670745e+00
1.502511245343288504e+00
1.830520573813773533e+00
2.263178025378899338e+00
2.180144075198240827e+00
1.335798336520736207e+00
1.475409010974427115e+00
1.460714768958333964e+00
1.260867731802484126e+00
1.871669012892103412e+00
2.103279439732461231e+00
1.597784294575900432e+00
9.855495777660611134e-01
7.118825117087795862e-01
9.323229515266071576e-01
1.506892849894693631e+00
1.564856544458560705e+00
2.120822624860227990e+00
2.514071933285309424e+00
1.618367741974591212e+00
2.273698117483437198e+00
1.782503323000683038e+00
1.779932266349953052e+00
1.849528592364081625e+00
1.887880050644786589e+00
2.043472385865569230e+00
2.430299093662006360e+00
2.403610021188070878e+00
2.030604536059758214e+00
1.998974251199172159e+00
2.105245345224211473e+00
2.212955731516422109e+00
2.384450123415264411e+00
2.761742143656051862e+00
2.604272235293256799e+00
3.168663111362051144e+00
2.201410490404032583e+00
1.310250572129219693e+00
2.355648448457715816e+00
1.958175264469444121e+00
2.205202593132835620e+00
2.112159091802438660e+00
1.832915448643812173e+00
2.041708411173270399e+00
2.006952078302674636e+00
1.686415243032255207e+00
6.584671500236476405e-01
7.254379845050129560e-01
1.306600258813330973e+00
1.602554599522284073e+00
2.589158957212770673e+00
2.276341849689943242e+00
2.139592579933768057e+00
2.320982493002831770e+00
2.949468947838775890e+00
2.824888540071757603e+00
3.325975999289139562e+00
2.245563314588332027e+00
1.172751041859324994e+00
1.281021631384094750e+00
1.770033164893122013e+00
2.071438361992313126e+00
2.368442326618104499e+00
1.911493857464297674e+00
1.435490348085858070e+00
1.605826290738170403e+00
1.017380749906956705e+00
2.710311080631094605e+00
2.208262353832140423e+00
2.047846993311999597e+00
1.371932525990313456e+00
2.231352443265427699e+00
2.940571176034412204e+00
2.938893537646018128e+00
2.104284116533807314e+00
1.779488743697298148e+00
1.731724510916512472e+00
1.826319912248990152e+00
1.927195592483581077e+00
1.711153170025336401e+00
1.492945493277098468e+00
1.652849073652254530e+00
1.436258358242705091e+00
1.706658339532514113e+00
8.973301002792740677e-01
9.744225925247818054e-01
1.054521058725853555e-01
4.075412443112761407e-01
1.576067166366001970e-01
-7.138470102950300253e-03
5.939769742521711082e-01
1.252916851616469041e+00
5.816567113798656319e-01
3.841830878913458092e-01
9.251402769878780408e-01
8.614422789537844460e-01
1.241918964943603765e+00
1.037301590890959080e+00
9.764378506628264009e-01
1.485707521735720071e+00
1.744641252222726369e+00
1.620070295654796322e+00
1.426058411025901806e+00
2.370088529027924551e+00
2.139223523688732698e+00
1.792810230191695053e+00
1.625095511047906172e+00
1.558552740515066315e+00
1.508605994961676577e+00
1.105749878415932530e+00
2.336786451349749605e+00
1.970736210238066999e+00
2.508798884721238576e+00
2.553650833586323277e+00
2.076891294780660147e+00
1.744082014405317071e+00
9.377264615767380018e-01
6.981422242604683470e-01
1.144041262600279163e+00
9.786354306071527454e-01
1.869171111617545344e+00
1.152820256915113806e+00
1.807534390680485936e+00
2.203381307447493498e+00
1.698051763243992873e+00
1.556114628355563578e+00
2.228932592800461077e+00
2.059974637551550636e+00
9.853949340269582136e-01
9.810005840473680072e-01
1.172260527125976060e+00
1.160564711388076542e-01
1.270848551249792013e+00
1.105541508750929713e+00
6.768299794181164009e-01
5.858827289418152562e-01
7.434564972946501316e-01
1.015040074338418585e-01
5.860598445475848628e-01
1.428689961476047765e+00
1.020453221475958294e+00
3.423612310665807290e-01
3.796638283465707531e-01
1.739030946810585565e+00
1.055445831289434810e+00
-3.455764726316170599e-01
1.774398076387866674e-01
6.300811296405195439e-02
5.865329011026710893e-01
-2.933851802746767490e-01
-1.415357834457570130e-01
4.688573499798672217e-01
5.240522979502881817e-01
7.236847580956878856e-01
2.033076541445260066e+00
2.061412035193589620e+00
3.076699691721517471e+00
1.295041307758330262e+00
2.017774407474206555e+00
1.184783944322390647e+00
7.631946204203662321e-01
1.196423122452843657e+00
1.730720429880467703e+00
1.045161482712733819e-01
1.522580914283065967e+00
6.561965879118769607e-01
6.530666857048073037e-01
6.792403935460739062e-01
4.794907346809783033e-01
3.766270559162182563e-01
5.765276959409293411e-01
8.043461432029366254e-01
8.176061456425578466e-01
8.042330386725081715e-01
2.520171396654692988e-02
7.115455333390833248e-01
4.760606156241771747e-01
-3.494845640465273906e-01
-5.182992525568745901e-01
7.211031383622117374e-01
2.374044079445710165e-01
-8.015825215190417463e-01
-1.238614564821803737e-01
-2.640311688486770003e-01
3.498833335436615788e-01
6.468441077731367228e-01
7.579322644653803120e-01
9.380712100046534330e-01
3.162607598068557513e-01
8.923279796243316353e-01
5.929313734254342272e-01
1.224408346566557393e+00
5.169459526594332166e-01
1.635831439431239431e+00
1.213472017508138157e+00
1.066349326094074623e+00
6.057162463639742533e-01
1.059142199333319212e+00
1.474746455815388879e+00
1.041371918865475532e+00
1.196955668124726868e+00
7.259400501211838996e-01
1.086912191640194925e+00
9.682304736182750782e-01
1.230876439916090748e+00
3.660044427247868826e-01
8.876483346215381376e-01
6.056690476266309853e-01
7.930788491567174470e-01
5.588331461801266942e-01
5.902776288248773318e-01
1.138549133336623775e+00
6.023874993168406577e-01
1.098431077074539797e+00
1.111366592210329740e+00
1.046002251868111577e+00
1.746543763220208101e+00
6.098896667185749187e-01
9.718923374912777913e-01
1.148647457882828293e+00
1.448437779673243497e+00
1.087322942213475585e+00
7.731826754859988382e-01
8.974748874244204977e-01
1.411605782925908326e+00
1.842619184939688459e+00
1.072627568591710379e+00
4.443241560218975095e-01
1.480819430148463178e+00
1.132755194474638127e+00
1.324180032596027790e+00
6.733426931802520832e-01
1.682797121308728383e-01
1.003832290242818059e+00
6.121994364641359931e-01
1.486559303124188602e-01
-1.292902558583510220e-01
2.700508726348276878e-01
9.517039280662308032e-02
5.031586192303308946e-01
9.642590632647514148e-01
1.339385883751865292e+00
9.472870005549356431e-01
1.281457644882514790e+00
1.777962250349243156e+00
1.523875792967327225e+00
1.436349765035873194e+00
1.078933897217502658e+00
1.720291428239705711e+00
2.039590968307223307e+00
1.424252565381635138e+00
1.060634062995803317e+00
1.650428620837468774e+00
1.524781768438754126e+00
3.252689991976449591e-01
3.490275314298540432e-01
6.145466423654792898e-01
1.012183090461121759e+00
1.613737666330229636e+00
-1.467571542104097009e-02
-1.811168393933731413e-01
-4.988214198621069850e-01
-3.904386589459727264e-03
-5.426731887385459752e-01
-3.065197812730575677e-01
-2.840228277734527240e-01
3.804116859409346213e-02
1.023686413648098759e+00
1.160854374034799408e+00
1.572210911825674851e+00
1.466625686675372409e-01
8.512731059248838106e-01
4.100445778678642461e-01
4.239338751559361684e-01
9.091514161345395362e-01
-2.347163392589383113e-01
-5.154043259642419050e-01
-4.043283779487626302e-03
-6.870723824155669512e-02
-6.046964045362674955e-01
-4.450393559296590973e-01
-7.493007986064084136e-01
-9.270215521125424463e-01
-5.815205015275933670e-02
1.455124139144856832e+00
9.425029182135777894e-01
3.152517433669855818e-01
9.866013362268175393e-03
-4.407248211845092856e-01
-1.668552652107120060e-01
-2.948948119451886285e-01
-2.500812197452262353e-01
6.446479483157859791e-01
4.218707500625089590e-01
5.678520976298213549e-03
8.419407818016811929e-01
7.612737446974796596e-01
7.352806527211659393e-01
2.437217448104846834e-03
-2.159112776103538633e-01
-5.260940728490229867e-01
-9.513966663361578258e-01
-8.843430946235546208e-02
-3.550555683856623235e-01
3.737711992450652720e-02
-6.790767322078515855e-01
8.775540664022537518e-01
1.047856176166946707e+00
1.801557955356680174e-01
8.700846690431993657e-01
4.854937425447671817e-01
7.069641150411678510e-01
1.174097556149747312e+00
9.292353343109313046e-01
2.198878338857867820e-01
-2.439678287902721787e-01
4.768327426553012893e-01
1.211478330148863636e+00
9.697146228451574146e-01
-2.503672309485581726e-01
1.116047710985358821e+00
8.028265309786232207e-01
7.225441326581859558e-01
2.845912332149732604e-01
9.909847061342843544e-01
8.646164608700005472e-01
1.899244285827638823e+00
1.154480217089967731e+00
1.753312504895942370e+00
4.486379590758450830e-01
3.630808466843503113e-01
9.982985430199927679e-01
1.356350191846305453e+00
1.452319922944215413e+00
9.509640507982373148e-01
2.543379610701812066e+00
5.505939996065529751e-01
4.579968882272683617e-01
9.753408275459666266e-01
9.078602476533964571e-01
1.364274471102458364e+00
6.576133460656750085e-01
2.630110589890053419e-01
8.953779889414832382e-01
1.292249846451382744e+00
2.095691977890953073e+00
1.452545442527580333e+00
1.937473479090943806e+00
1.135248303670460368e+00
1.460294632458094100e+00
1.734410114431653938e+00
1.907376404792852975e+00
2.378424958273436474e+00
2.153657920054289576e+00
1.430747081692681055e+00
1.768320320573197435e+00
1.398688926818643319e+00
1.938682527945780887e+00
2.312342819394284099e+00
1.131143201993431546e+00
1.273641280412752597e+00
1.721836999829550408e+00
1.137645479266097270e+00
9.286065817989761495e-01
1.020416568786134626e+00
6.818625245233687071e-01
1.019996009422799554e+00
5.248473396560831006e-01
1.672466645520477857e-01
8.738599733337636399e-01
6.162599245133187909e-01
2.825949687928808740e-01
2.862432017256345551e-01
3.556693500225807658e-01
1.116885573931863940e-01
7.702495035304134374e-01
1.042797830556256633e+00
7.145242406776516342e-01
1.962542306113047308e-01
1.224070538262764574e+00
4.637542734908070563e-01
-1.372964926376919748e-01
-3.530822888182889030e-01
-2.214639782250875655e-01
9.353055652017190358e-01
1.804264886958323988e+00
1.154289711631010018e+00
1.282511161066037131e+00
-1.240214436626659589e-01
7.021943168377291489e-01
1.031565498553608462e+00
1.068483576671159563e+00
7.424999963213524401e-01
4.827687898795774563e-02
-3.191418960998919641e-01
-3.137233772059758730e-01
-5.699052229625545252e-01
3.579216837250803196e-01
1.310223268239582683e+00
7.114146874995181946e-01
5.505532130771336741e-01
-2.506239045479405347e-02
1.087738243823882234e-01
4.641055624709506389e-01
6.540492746738018059e-01
1.750901252271565012e-01
-1.377607228079968105e-01
2.966815041536104147e-02
-1.250134269887484273e-01
-8.259298220113804601e-02
-1.026812814780350802e+00
-1.836831426975250037e-01
-5.440250916448967633e-01
5.657175529999768082e-02
2.898170188379738943e-01
5.272050100376451942e-01
1.232438470452353885e+00
9.555355911216090181e-01
1.025791636255052763e+00
1.860534458904147037e+00
2.143785008046448226e+00
2.231462839727463177e+00
1.985369082182738110e+00
1.845665723452701412e+00
1.637707493272338333e+00
1.648058258149414312e+00
8.985371800572714562e-01
1.069500636104492829e-02
1.125942048217819069e+00
7.981334547916330013e-01
7.544266616079243759e-01
9.585783686355573430e-01
1.585017502219863372e+00
1.163747669158449849e+00
9.193897847923323541e-01
1.211307527571984094e-01
9.320414523708743237e-01
1.163971485868214861e+00
1.130671882753587321e+00
8.651598354968482729e-01
-1.010145556407832518e-01
1.023808359577340177e+00
1.266989818454069328e+00
1.662241938372100991e+00
2.141975007312074020e+00
2.365835186606111584e+00
1.878222291382401377e+00
9.978509693211482512e-01
1.103170979370905469e+00
-8.832446265989910006e-02
3.342756301604377089e-01
-3.421122702386646813e-02
6.882727723779626938e-01
1.276278936700629307e+00
8.506748294039508940e-01
2.113927392339930211e+00
1.486122696299759127e+00
6.159388880637750585e-01
1.427965173477190541e+00
1.703280090696918547e+00
1.784216234278351854e+00
1.783540615622494219e+00
1.334726284368904281e+00
4.612019877909729337e-01
1.299300622094685886e+00
7.618202904305709788e-01
8.974904257970285348e-01
1.265704694757553872e+00
7.566984312026626691e-01
8.207298330223185001e-01
1.181146188043014078e+00
7.892919021967087501e-01
1.176740351914321137e+00
1.558436080668124335e+00
1.593135688386221771e+00
5.608928410327014280e-01
1.142362562475113918e+00
1.201996541032842591e+00
1.767211365385426669e+00
1.668080538072369334e+00
1.180232385402987250e+00
-5.266404225715377585e-01
9.281818858912985748e-01
7.428708348137406103e-01
4.391789744009160779e-01
1.351627012345226975e+00
7.285729225801238496e-01
-1.270502427360702402e-01
1.047374520717907709e+00
1.723264438647961860e+00
6.891660553107837872e-01
6.400399376147306585e-01
3.566205755329610039e-01
1.236783743846813000e+00
2.060519400480329111e+00
1.240354457406957156e+00
6.971943958148721920e-01
1.447737052251601098e+00
1.183585709994699586e+00
1.594242275716873269e+00
9.235079460694405329e-01
9.154523782590865411e-01
-1.769890702880176914e-01
5.623100336444164515e-02
8.038740524698821943e-01
1.604533386887251112e+00
2.214371370301230435e+00
7.873477812102886997e-01
9.921109188421017855e-01
1.637725329613002545e+00
1.039858316588021803e-01
2.413608377044869635e-01
4.260203307221054891e-01
1.646451284387503211e+00
1.807948468133258935e+00
1.186784584495677475e+00
2.437009083128057529e+00
1.711401910683648220e+00
2.047074949522166953e+00
1.211079266115401065e+00
1.044517099180216624e+00
1.431951701513266562e+00
9.200922224100134550e-02
6.024494309895850330e-01
4.020400019491826016e-01
2.555038654129448417e-01
1.378078523722944260e+00
1.722554706020628768e+00
1.075467395276738403e+00
1.090938021014859816e+00
1.499167726062853090e+00
1.749744879709001166e+00
1.971101486305213202e+00
2.388069556061221732e+00
2.154788441283528311e+00
2.996518769322693565e+00
2.299319068875701255e+00
1.143627292452452204e+00
1.062114163240443165e+00
2.120741365905840503e-01
5.755318020560068470e-01
1.700182367762774538e+00
1.938321439319010242e+00
1.868222358405518424e+00
1.460429521912347539e+00
1.960738234696591142e+00
1.715618752194478125e+00
1.682083815218249567e+00
2.279919285179943245e+00
1.928097959577482756e+00
2.180722900836999489e+00
1.761361402315517521e+00
1.167164248022691142e+00
1.906730130302448423e+00
4.380330693200195635e-01
7.249183857423264765e-01
1.127048598934576207e+00
8.923750975545168274e-01
1.329072277022569137e+00
1.303930647152375499e+00
1.160663575098132005e+00
8.252552159121183672e-01
2.778062118596903995e-01
-7.173895241749509433e-01
-1.012306975829900119e-01
2.950946477827641190e-01
6.316988028617255280e-01
9.112534318165858016e-01
3.899882120892297910e-01
1.100304372311742829e-01
7.307415516152636625e-01
1.103216115398215624e+00
9.781647637085771896e-02
7.504650106954832700e-02
5.459972141266611345e-01
5.352472319189036654e-01
-1.026849420432066201e-01
2.607068156637699641e-01
1.165796998245437477e+00
1.335157686915663611e+00
1.158309587820841369e+00
1.542969524288317684e+00
3.250128582093566032e-01
-7.112263242056779955e-01
3.144530280456566684e-01
9.978061595697309549e-01
1.701436157696690987e+00
1.070596404287434744e+00
1.210654101749557565e+00
1.842941800643296268e+00
1.799547022393470641e+00
1.712217350977911723e+00
8.659465426876072902e-01
6.402410396809750104e-01
9.580536435535585982e-01
1.648132948639810857e+00
8.067983955493613912e-01
1.217646356111145245e+00
