286.670
286.710
286.690
286.830
286.880
286.780
286.950
286.740
286.880
286.740
286.780
286.730
286.690
286.690
286.690
286.740
286.710
286.790
286.730
286.780
286.920
286.950
286.920
286.950
286.880
286.850
286.970
286.780
286.780
286.810
286.670
286.780
286.760
286.790
286.790
286.740
286.780
286.780
286.810
286.790
286.760
286.810
286.810
286.850
286.920
286.850
286.880
286.880
286.900
286.930
286.900
286.850
286.920
286.920
286.880
286.930
286.760
286.830
286.730
286.760
286.670
286.760
286.740
286.660
286.730
286.670
286.710
286.660
286.710
286.730
286.810
286.780
286.760
286.790
286.690
286.850
286.780
286.760
286.830
286.760
286.830
286.780
286.930
286.790
286.970
287.000
286.950
287.120
287.040
286.950
286.900
287.020
287.020
286.990
287.090
287.020
287.160
286.930
286.860
286.860
286.860
286.930
286.900
286.950
286.880
287.020
286.970
287.050
286.920
286.950
287.090
286.900
287.040
287.120
287.070
287.020
286.970
287.110
286.950
287.070
286.950
287.020
286.990
286.990
287.020
287.040
286.950
287.070
287.120
287.120
286.990
287.140
287.070
287.070
287.090
287.090
287.120
287.110
287.000
287.040
287.020
287.070
287.070
287.090
287.120
287.090
287.140
287.230
287.180
287.120
287.230
287.120
287.120
287.090
287.120
287.090
287.110
287.040
287.160
287.160
287.160
287.160
287.140
287.120
287.120
287.050
287.140
287.180
287.070
287.110
287.070
287.050
287.110
286.990
287.050
287.160
286.990
287.000
286.990
286.970
286.990
286.990
286.990
286.970
287.110
287.050
286.990
287.020
287.040
286.970
286.950
286.990
287.000
287.050
287.050
287.000
287.040
286.950
287.120
287.000
287.110
287.050
287.140
287.040
287.020
287.090
286.930
287.090
287.050
286.990
287.090
286.860
287.020
287.090
287.000
287.020
287.070
287.110
287.160
287.090
287.050
287.070
287.070
287.180
286.920
287.050
286.970
286.970
287.050
287.020
286.920
286.920
286.920
286.930
286.880
286.920
286.860
286.860
286.810
286.790
286.860
286.790
286.850
286.790
286.790
286.830
286.760
286.730
286.670
286.760
286.760
286.730
286.780
286.900
286.830
286.760
286.780
286.790
286.830
286.790
286.790
286.810
286.780
286.780
286.780
286.730
286.730
286.830
286.740
286.730
286.780
286.690
286.760
286.710
286.740
286.790
286.690
286.790
286.740
286.860
286.790
286.780
286.740
286.790
286.810
286.710
286.690
286.690
286.760
286.780
286.790
286.760
286.780
286.810
286.830
286.790
286.880
286.790
286.810
286.780
286.780
286.760
286.730
286.740
286.760
286.710
286.690
286.730
286.660
286.690
286.640
286.670
286.670
286.690
286.710
286.790
286.810
286.620
286.640
286.710
286.600
286.780
286.810
286.760
286.760
286.690
286.760
286.850
286.850
286.830
286.830
286.880
286.780
286.830
286.760
286.780
286.740
286.850
286.740
286.790
286.780
286.790
286.970
286.880
286.850
286.860
286.850
286.850
286.850
286.830
286.760
286.860
286.970
286.790
286.830
286.850
286.990
286.920
286.920
286.990
287.040
287.040
287.050
287.050
287.040
286.990
286.850
286.810
286.810
286.850
286.830
286.810
286.920
286.830
286.900
286.900
286.620
286.660
286.600
286.730
286.570
286.740
286.660
286.640
286.590
286.590
286.620
286.640
286.640
286.660
286.690
286.550
286.640
286.620
286.590
286.670
286.670
286.640
286.660
286.600
286.590
286.620
286.620
286.500
286.600
286.400
286.450
286.400
286.450
286.410
286.430
286.480
286.400
286.480
286.410
286.500
286.450
286.450
286.590
286.430
286.450
286.530
286.400
286.550
286.410
286.480
286.450
286.480
286.480
286.470
286.550
286.520
286.520
286.570
286.620
286.570
286.710
286.660
286.810
286.810
286.760
286.830
286.860
286.970
287.020
286.950
286.990
286.990
287.000
286.970
286.930
286.950
286.900
286.810
286.780
286.810
286.850
286.660
286.740
286.600
286.710
286.660
286.710
286.670
286.740
286.740
286.780
286.850
286.860
286.850
286.790
286.860
286.830
286.780
286.780
286.780
286.780
286.670
286.810
286.860
286.780
286.740
286.730
286.780
286.850
286.730
286.590
286.670
286.600
286.690
286.830
286.900
286.900
286.920
286.930
286.920
286.900
286.900
286.850
286.860
286.880
286.810
286.860
286.900
286.860
286.880
286.900
286.930
286.990
286.990
286.920
287.000
286.990
287.040
286.990
286.970
286.990
286.950
286.950
286.930
287.000
286.990
286.950
286.920
286.790
286.930
286.880
286.990
287.020
286.990
286.950
286.930
286.950
286.850
286.930
286.950
286.860
286.930
286.850
286.950
286.790
286.950
286.920
286.880
286.880
286.900
287.020
286.880
286.950
286.990
286.950
286.850
286.950
286.930
286.860
286.990
286.880
286.990
286.860
286.900
286.970
286.880
286.930
286.990
286.950
287.000
286.990
286.990
287.020
287.000
287.050
287.090
287.050
286.970
286.990
287.000
287.070
286.950
287.040
286.900
286.920
286.970
287.040
286.930
286.850
286.880
286.950
287.070
287.050
287.040
286.930
286.930
287.000
287.020
286.920
286.970
286.950
286.990
286.880
287.020
287.020
286.930
287.020
286.950
287.000
287.020
286.990
286.950
286.950
286.970
286.850
286.990
286.920
286.900
286.860
286.950
286.990
286.920
287.000
286.930
286.970
286.880
286.920
286.900
286.950
286.930
286.900
286.970
286.930
286.930
286.880
286.920
286.860
286.930
286.950
286.900
286.970
286.970
286.950
286.990
287.040
287.020
287.040
287.070
286.990
287.040
287.050
287.000
287.120
287.090
287.050
287.050
287.160
287.040
287.070
287.110
287.040
287.180
287.090
287.110
287.110
287.140
287.120
287.020
287.120
287.070
287.070
287.040
287.070
287.000
287.040
287.120
287.120
287.210
287.070
287.050
287.040
287.050
287.160
287.140
287.140
287.160
287.190
287.230
287.140
287.180
287.140
287.250
287.190
287.380
287.490
287.450
287.440
287.300
287.420
287.300
287.300
287.120
286.850
286.830
286.600
286.450
286.380
287.070
287.280
287.190
287.090
287.040
287.000
286.710
286.210
286.150
286.170
286.330
286.360
286.730
286.970
286.930
286.670
286.690
286.470
286.080
285.820
285.860
286.140
286.340
286.570
286.600
286.780
286.790
286.780
286.790
286.760
286.670
286.730
286.830
286.860
286.900
286.920
287.040
287.540
287.610
287.680
287.660
287.440
287.350
287.110
287.370
287.440
287.560
287.680
287.450
287.640
287.520
287.380
287.370
287.370
287.400
287.420
287.380
287.140
287.300
287.330
287.440
287.380
287.120
287.070
287.190
287.310
287.160
287.120
287.050
286.970
287.000
286.990
287.020
287.180
287.190
287.090
286.920
287.050
286.880
286.970
287.050
286.920
286.860
286.970
286.950
287.050
287.210
287.180
286.990
286.790
286.740
286.660
286.590
286.600
286.520
286.530
286.550
286.500
286.530
286.590
286.640
286.660
286.730
286.740
286.660
286.860
286.830
286.970
287.000
287.070
287.160
287.330
287.230
287.140
287.260
287.300
287.370
287.380
287.350
287.280
287.210
287.420
287.400
287.470
287.380
287.450
287.370
287.380
287.440
287.280
287.380
287.250
287.260
287.190
287.280
287.310
287.190
287.300
287.190
287.070
287.050
286.990
286.970
286.900
286.950
286.920
287.040
287.110
287.210
287.160
287.230
287.470
287.510
287.630
287.590
287.630
287.750
287.660
287.680
287.510
287.380
287.400
287.570
287.630
287.610
287.680
287.830
287.770
287.820
287.870
287.800
287.830
287.800
287.710
287.710
287.710
287.590
287.660
287.510
287.450
287.380
287.400
287.330
287.260
287.300
287.160
287.070
287.020
286.970
286.950
287.140
287.020
286.900
286.850
286.780
286.730
286.810
286.830
286.900
287.040
287.190
287.190
287.420
287.440
287.450
287.420
287.490
287.400
287.490
287.470
287.440
287.400
287.310
287.250
287.330
287.300
287.330
287.370
287.380
287.300
287.330
287.300
287.230
287.330
287.280
287.440
287.370
287.380
287.380
287.420
287.440
287.370
287.450
287.380
287.420
287.450
287.380
287.420
287.330
287.470
287.380
287.440
287.470
287.440
287.440
287.370
287.330
287.370
287.420
287.450
287.450
287.380
287.400
287.400
287.370
287.420
287.400
287.440
287.310
287.280
287.250
287.230
287.250
287.230
287.210
287.350
287.420
287.420
287.450
287.470
287.470
287.540
287.610
287.570
287.610
287.610
287.750
287.610
287.640
287.570
287.800
287.820
287.870
287.900
287.820
287.830
287.820
287.830
287.800
287.750
287.890
287.770
287.890
287.770
287.820
287.770
287.770
287.850
287.700
287.800
287.680
287.800
287.610
287.610
287.510
287.520
287.630
287.570
287.590
287.570
287.520
287.470
287.540
287.560
287.590
287.540
287.710
287.540
287.520
287.560
287.470
287.490
287.510
287.520
287.400
287.440
287.370
287.520
287.440
287.490
287.420
287.470
287.540
287.510
287.560
287.510
287.510
287.630
287.560
287.570
287.490
287.560
287.630
287.510
287.510
287.640
287.560
287.520
287.610
287.560
287.590
287.540
287.560
287.590
287.570
287.680
287.630
287.700
287.710
287.680
287.630
287.630
287.680
287.560
287.560
287.510
287.490
287.420
287.310
287.380
287.250
287.350
287.380
287.330
287.400
287.300
287.370
287.260
287.400
287.440
287.490
287.400
287.490
287.440
287.310
287.400
287.370
287.380
287.350
287.330
287.330
287.280
287.380
287.310
287.400
287.370
287.370
287.330
287.300
287.380
287.300
287.330
287.350
287.370
287.330
287.350
287.350
287.380
287.450
287.310
287.400
287.380
287.400
287.440
287.300
287.330
287.230
287.250
287.250
287.310
287.300
287.210
287.330
287.250
287.300
287.420
287.230
287.280
287.160
287.260
287.140
287.250
287.190
287.190
287.280
287.120
287.330
287.190
287.250
287.190
287.210
287.250
287.190
287.250
287.120
287.310
287.230
287.350
287.300
287.280
287.230
287.280
287.330
287.310
287.210
287.370
287.300
287.350
287.300
287.310
287.210
287.250
287.300
287.160
287.260
287.350
287.310
287.380
287.310
287.350
287.310
287.250
287.210
287.120
287.120
287.120
287.140
287.090
287.190
287.110
287.250
287.140
287.190
287.230
287.120
287.180
287.260
287.140
287.140
287.180
287.110
287.140
287.090
287.070
287.090
287.090
287.050
287.190
287.110
287.160
287.160
287.260
287.070
287.190
287.090
287.090
287.160
287.120
287.180
287.050
287.160
287.110
287.140
287.110
287.110
287.180
287.110
287.190
287.190
287.090
287.160
287.160
287.180
287.160
287.140
287.160
287.140
287.250
287.140
287.250
287.160
287.160
287.120
287.190
287.120
287.160
287.250
287.140
287.140
287.070
287.070
287.090
287.250
287.230
287.180
287.110
287.090
287.120
287.120
287.110
287.110
287.160
287.120
287.090
287.160
287.140
287.070
287.180
287.050
287.090
287.090
287.140
287.040
287.070
287.110
287.120
287.070
287.050
287.140
287.110
287.180
287.140
287.050
287.180
287.090
287.140
286.990
287.120
287.120
287.180
287.070
287.040
287.070
287.020
286.990
286.950
286.970
286.970
287.000
287.000
286.990
287.020
286.930
287.000
287.000
286.930
287.020
286.990
287.040
286.970
287.000
287.040
287.020
287.070
287.040
287.040
286.970
287.070
287.070
287.040
287.020
287.020
287.110
287.020
287.000
287.020
286.990
287.050
287.070
287.050
287.050
287.020
287.000
287.020
287.070
286.990
287.050
287.000
286.990
286.950
286.920
286.990
286.950
286.970
286.920
286.990
286.970
286.970
286.990
286.950
286.970
286.920
286.930
286.920
286.900
286.860
286.810
286.920
286.860
286.970
286.990
286.990
287.040
286.970
287.070
287.160
287.210
287.110
287.040
287.110
287.110
287.140
287.070
287.160
287.160
287.230
287.210
287.180
287.230
287.210
287.250
287.210
287.210
287.180
287.070
287.120
287.120
287.180
287.090
287.050
287.090
287.040
287.120
287.050
287.040
286.970
286.930
286.930
286.930
286.930
286.920
286.860
286.850
286.900
286.950
286.970
286.950
286.900
286.950
286.970
287.040
287.050
287.050
287.070
287.050
287.110
287.050
287.090
287.000
287.000
287.000
286.950
286.990
286.900
286.930
286.860
286.830
286.790
286.760
286.880
286.920
287.000
287.000
287.020
287.070
287.050
287.120
287.020
287.160
287.110
287.110
287.040
287.020
287.120
287.110
287.230
287.210
287.210
287.190
287.190
287.250
287.230
287.280
287.210
287.190
287.160
287.140
287.160
287.140
287.120
287.110
287.140
287.140
287.110
287.140
287.110
287.140
287.110
287.160
287.160
287.190
287.160
287.050
287.110
287.110
287.210
287.160
287.210
287.230
287.210
287.300
287.250
287.310
287.250
287.310
287.350
287.350
287.380
287.310
287.350
287.310
287.400
287.440
287.400
287.350
287.260
287.230
287.230
287.260
287.250
287.210
287.250
287.160
287.210
287.250
287.330
287.280
287.280
287.280
287.190
287.230
287.210
287.210
287.160
287.160
287.210
287.250
287.210
287.160
287.180
287.250
287.210
287.180
287.160
287.230
287.230
287.300
287.250
287.250
287.230
287.160
287.190
287.210
287.210
287.190
287.230
287.140
287.110
287.260
287.280
287.280
287.260
287.250
287.250
287.190
287.250
287.230
287.310
287.300
287.210
287.250
287.250
287.330
287.210
287.280
287.250
287.280
287.300
287.260
287.280
287.260
287.310
287.230
287.310
287.380
287.380
287.370
287.330
287.400
287.420
287.470
287.350
287.420
287.440
287.380
287.440
287.300
287.280
287.300
287.330
287.310
287.300
287.370
287.310
287.400
287.350
287.250
287.280
287.280
287.250
287.250
287.280
287.250
287.300
287.260
287.280
287.300
287.260
287.400
287.330
287.400
287.400
287.380
287.400
287.350
287.370
287.330
287.380
287.490
287.380
287.400
287.370
287.520
287.520
287.560
287.510
287.490
287.510
287.450
287.520
287.470
287.520
287.400
287.380
287.450
287.420
287.470
287.420
287.490
287.490
287.470
287.400
287.370
287.440
287.420
287.440
287.380
287.400
287.420
287.420
287.490
287.420
287.470
287.380
287.370
287.280
287.230
287.250
287.230
287.280
287.250
287.310
287.280
287.250
287.250
287.210
287.230
287.180
287.140
287.250
287.180
287.050
287.110
287.110
287.050
287.110
287.140
287.110
287.020
286.850
286.760
286.730
286.760
286.780
286.850
286.830
286.880
286.920
286.900
286.900
286.900
286.830
286.920
286.850
286.810
286.860
286.860
286.760
286.830
286.850
286.790
286.730
286.690
286.830
286.790
286.740
286.780
286.740
286.760
286.710
286.850
286.780
286.710
286.740
286.780
286.780
286.790
286.920
286.810
286.780
286.740
286.760
286.830
286.880
286.930
286.850
286.950
286.880
286.860
286.810
286.810
286.810
286.760
286.760
286.850
286.900
286.900
286.920
286.990
286.930
286.930
286.920
286.880
286.930
286.780
286.740
286.670
286.690
286.640
286.710
286.670
286.670
286.670
286.550
286.570
286.600
286.620
286.590
286.620
286.640
286.590
286.640
286.660
286.660
286.620
286.590
286.600
286.620
286.690
286.640
286.670
286.590
286.590
286.570
286.530
286.660
286.620
286.620
286.550
286.590
286.670
286.660
286.640
286.590
286.620
286.620
286.660
286.660
286.620
286.600
286.660
286.760
286.660
286.640
286.830
286.850
286.900
286.860
286.880
286.780
286.730
286.760
286.790
286.830
286.790
286.830
286.690
286.670
286.660
286.690
286.730
286.690
286.730
286.670
286.710
286.690
286.640
286.570
286.550
286.590
286.530
286.530
286.520
286.530
286.590
286.620
286.730
286.670
286.730
286.710
286.740
286.760
286.710
286.730
286.660
286.710
286.670
286.690
286.730
286.670
286.740
286.730
286.830
286.830
286.880
286.900
286.860
286.860
286.780
286.830
286.790
286.780
286.760
286.740
286.810
286.810
286.860
286.850
286.900
286.930
286.970
287.040
287.040
287.090
287.000
287.000
287.000
286.990
287.020
286.950
287.000
286.970
287.000
287.020
287.020
287.020
286.950
286.990
286.920
286.970
286.900
286.880
286.930
286.930
286.970
286.920
286.950
286.920
286.920
286.950
286.970
287.000
286.930
286.950
286.880
286.920
286.970
286.950
287.000
286.930
286.970
286.950
286.950
287.000
286.990
287.020
286.930
286.900
286.730
286.730
286.730
286.660
286.690
286.710
286.850
286.810
286.830
286.850
286.860
286.930
286.850
286.930
286.860
286.850
286.810
286.790
286.860
286.810
286.780
286.710
286.670
286.740
286.740
286.710
286.690
286.760
286.740
286.790
286.860
286.740
286.740
286.740
286.790
286.690
286.730
286.730
286.730
286.760
286.790
286.790
286.810
286.850
286.790
286.760
286.730
286.690
286.740
286.670
286.730
286.780
286.730
286.670
286.550
286.590
286.550
286.550
286.590
286.640
286.530
286.470
286.450
286.410
286.480
286.450
286.530
286.430
286.450
286.500
286.480
286.530
286.520
286.520
286.450
286.430
286.450
286.400
286.430
286.520
286.620
286.710
286.850
286.900
286.790
286.660
286.590
286.830
286.860
286.850
286.950
286.780
286.670
286.660
286.710
286.670
286.660
286.620
286.640
286.730
286.690
286.760
286.670
286.660
286.730
286.790
286.950
286.810
286.780
286.670
286.690
286.710
286.640
286.670
286.670
286.760
286.760
286.790
286.830
286.830
286.830
286.740
286.860
286.790
286.780
286.710
286.740
286.760
286.760
286.860
286.790
286.780
286.710
286.760
286.790
286.730
286.790
286.730
286.780
286.760
286.760
286.830
286.850
286.930
286.860
286.900
286.920
286.880
286.860
286.710
286.810
286.780
286.830
286.760
286.780
286.730
286.730
286.830
286.850
286.950
286.920
286.970
286.990
286.990
286.930
286.950
287.040
287.000
287.110
287.190
287.280
287.280
287.210
287.210
287.190
287.250
287.250
287.210
287.250
287.230
287.300
287.250
287.300
287.310
287.300
287.310
287.210
287.250
287.260
287.160
287.140
287.210
287.260
287.210
287.280
287.260
287.190
287.000
287.020
286.990
286.930
286.970
286.930
286.970
286.970
286.990
287.000
286.930
286.990
286.930
287.000
286.930
286.920
286.920
286.880
286.930
286.880
286.970
286.900
286.860
286.850
286.830
286.880
287.040
287.070
287.040
287.190
287.230
287.230
287.250
287.110
287.120
287.090
287.110
287.070
287.040
286.900
286.860
286.990
287.000
287.160
287.160
287.210
287.190
287.110
287.120
287.140
287.230
287.230
287.250
287.280
287.180
287.140
287.050
287.070
287.180
287.310
287.400
287.350
287.330
287.190
287.140
286.970
286.850
286.860
286.740
286.780
286.740
286.850
286.810
286.830
287.000
287.180
287.300
287.210
287.250
287.190
287.250
287.190
287.300
287.380
287.280
287.230
287.090
287.020
286.930
286.850
286.780
286.590
286.410
286.450
286.530
286.380
286.260
286.270
286.360
286.410
286.170
285.960
285.980
285.790
285.700
285.650
285.770
285.770
286.020
286.030
286.030
285.880
285.950
286.080
286.020
286.020
286.020
286.080
286.100
286.120
286.150
286.030
285.960
285.930
285.980
285.930
285.930
286.000
286.070
286.070
286.100
286.240
286.240
286.220
286.220
286.170
286.190
286.030
286.020
286.000
286.000
286.080
286.070
286.100
286.000
286.000
286.000
286.190
286.310
286.210
286.220
286.140
286.190
286.210
286.190
286.220
285.880
285.880
285.670
285.560
285.370
285.340
285.370
285.370
285.460
285.410
285.460
285.430
285.430
285.430
285.390
285.460
285.360
285.410
285.320
285.370
285.390
285.370
285.390
285.320
285.360
285.320
285.300
285.360
285.300
285.320
285.270
285.390
285.360
285.390
285.440
285.480
285.630
285.630
285.690
285.550
285.480
285.530
285.460
285.530
285.500
285.510
285.500
285.620
285.560
285.620
285.720
285.770
285.930
285.890
285.740
285.620
285.740
285.960
286.140
286.330
286.400
286.710
286.860
286.850
286.860
286.760
286.810
286.810
286.690
286.520
286.470
286.410
286.400
286.530
286.670
286.880
286.780
286.900
286.900
286.880
286.900
286.950
286.970
286.900
286.950
287.020
286.970
286.950
286.810
287.020
286.850
286.780
286.810
286.880
286.790
286.780
286.710
286.500
286.690
286.760
286.710
286.780
286.740
286.670
286.340
286.360
286.260
286.240
286.220
286.210
286.260
286.240
286.410
286.360
286.620
286.690
286.640
286.550
286.500
286.730
286.670
286.760
286.740
286.690
286.780
286.810
286.860
286.780
286.860
286.780
286.780
286.850
286.810
286.860
286.790
286.830
286.830
286.850
286.920
286.850
286.860
286.810
286.850
286.790
286.780
286.740
286.660
286.690
286.600
286.670
286.640
286.660
286.640
286.620
286.670
286.600
286.640
286.600
286.590
286.590
286.600
286.640
286.530
286.590
286.530
286.520
286.530
286.550
286.530
286.430
286.480
286.480
286.550
286.520
286.500
286.530
286.450
286.450
286.380
286.400
286.330
286.260
286.220
286.170
286.240
286.170
286.210
286.210
286.210
286.260
286.260
286.260
286.190
286.210
286.140
286.140
286.190
286.190
286.240
286.210
286.290
286.380
286.450
286.360
286.330
286.450
286.410
286.400
286.360
286.380
286.360
286.290
286.340
286.310
286.400
286.410
286.410
286.380
286.260
286.290
286.260
286.310
286.310
286.380
286.500
286.530
286.530
286.410
286.410
286.310
286.310
286.290
286.260
286.290
286.260
286.330
286.290
286.290
286.260
286.240
286.310
286.290
286.380
286.330
286.380
286.330
286.290
286.380
286.430
286.480
286.450
286.470
286.400
286.410
286.500
286.520
286.570
286.500
286.430
286.400
286.430
286.530
286.570
286.640
286.590
286.670
286.690
286.670
286.670
286.620
286.670
286.660
286.730
286.710
286.660
286.600
286.590
286.640
286.620
286.640
286.570
286.600
286.570
286.620
286.660
286.620
286.660
286.640
286.620
286.450
286.470
286.500
286.470
286.480
286.400
286.450
286.480
286.530
286.600
286.640
286.620
286.520
286.600
286.570
286.590
286.640
286.550
286.570
286.530
286.590
286.500
286.520
286.600
286.570
286.590
286.470
286.570
286.570
286.600
286.810
286.600
286.740
286.600
286.740
286.670
286.660
286.660
286.640
286.620
286.570
286.590
286.640
286.730
286.600
286.730
286.730
286.620
286.660
286.640
286.730
286.660
286.690
286.640
286.570
286.670
286.620
286.620
286.660
286.670
286.740
286.690
286.760
286.710
286.760
286.710
286.730
286.730
286.670
286.550
286.480
286.600
286.530
286.500
286.480
286.270
286.240
286.140
286.210
286.050
286.030
286.030
285.980
286.170
286.020
286.080
286.080
286.140
286.080
286.080
286.140
286.120
286.150
286.070
286.070
285.930
285.860
285.960
285.960
286.070
286.020
286.050
286.000
286.000
286.000
285.950
286.050
286.020
286.170
286.210
286.100
286.150
286.120
286.140
286.140
286.190
286.120
286.070
286.140
286.190
286.240
286.150
286.220
286.210
286.140
286.210
286.050
286.080
285.960
285.980
285.980
285.930
285.930
285.790
285.820
285.880
285.960
285.950
285.930
286.030
286.100
286.170
286.140
286.190
286.140
286.170
286.120
286.000
285.840
285.630
285.550
285.440
285.370
285.340
285.340
285.360
285.250
285.430
285.360
285.390
285.370
285.430
285.410
285.390
285.460
285.410
285.500
285.500
285.480
285.480
285.500
285.650
285.840
285.880
285.890
285.860
285.950
285.910
286.000
285.910
285.910
285.880
285.880
285.810
285.670
285.630
285.510
285.510
285.480
285.480
285.560
285.580
285.600
285.550
285.550
285.430
285.440
285.440
285.440
285.510
285.480
285.560
285.530
285.560
285.550
285.550
285.690
285.690
285.790
285.790
285.950
286.080
286.120
286.070
285.950
285.980
285.910
285.890
285.910
285.820
285.720
285.690
285.860
285.890
285.860
285.720
285.500
285.410
285.410
285.560
285.530
285.620
285.620
285.550
285.550
285.550
285.580
285.510
285.510
285.460
285.620
285.600
285.600
285.630
285.740
285.950
286.070
286.210
286.210
286.170
286.210
286.190
286.260
286.220
286.340
286.310
286.340
286.400
286.310
286.410
286.360
286.310
286.190
286.100
286.070
286.020
286.100
286.120
286.080
286.070
285.980
285.810
285.630
285.630
285.630
285.720
285.670
285.620
285.650
285.580
285.580
285.510
285.510
285.480
285.480
285.360
285.240
285.270
285.240
285.270
285.270
285.270
285.300
285.410
285.600
285.580
285.550
285.480
285.550
285.720
285.740
285.740
285.670
285.750
285.690
285.740
285.770
285.840
286.030
286.030
286.120
286.150
286.220
286.330
286.480
286.470
286.410
286.430
286.260
286.190
286.220
286.290
286.330
286.190
286.190
286.170
286.240
286.240
286.290
286.260
286.150
286.260
286.070
286.030
285.810
285.750
285.630
285.600
285.650
285.530
285.560
285.500
285.580
285.560
285.580
285.630
285.620
285.620
285.600
285.600
285.620
285.600
285.790
285.810
285.980
285.820
285.930
286.000
285.960
286.080
286.020
286.100
285.960
286.070
286.000
286.050
286.070
286.050
286.030
286.000
285.960
285.810
285.790
285.930
285.880
285.860
285.910
285.960
285.910
285.910
285.880
285.750
285.790
285.770
285.820
285.860
286.030
285.880
285.930
286.000
285.960
286.050
286.100
286.170
286.290
286.220
286.400
286.260
286.380
286.240
286.310
286.260
286.170
286.290
286.140
286.220
286.190
286.210
286.150
286.330
286.310
286.310
286.380
286.430
286.340
286.400
286.360
286.400
286.340
286.380
286.330
286.410
286.360
286.400
286.380
286.360
286.410
286.400
286.410
286.410
286.270
286.340
286.330
286.380
286.330
286.400
286.290
286.240
286.210
286.030
285.950
285.820
285.820
285.810
285.810
285.820
285.810
286.080
286.020
286.050
286.050
286.070
286.080
285.950
286.030
286.030
286.140
285.960
285.840
285.820
286.050
286.100
286.080
285.910
285.620
285.600
285.560
285.550
285.580
285.530
285.600
285.510
285.600
285.510
285.550
285.560
285.500
285.620
285.550
285.530
285.650
285.560
285.620
285.510
285.550
285.480
285.550
285.500
285.440
285.390
285.300
285.320
285.270
285.360
285.360
285.430
285.390
285.360
285.440
285.460
285.510
285.410
285.430
285.500
285.510
285.550
285.440
285.510
285.510
285.500
285.390
285.370
285.370
285.430
285.560
285.630
285.560
285.650
285.510
285.580
285.430
285.430
285.410
285.500
285.460
285.460
285.460
285.440
285.460
285.410
285.460
285.410
285.430
285.390
285.320
285.390
285.300
285.360
285.370
285.370
285.360
285.360
285.340
285.220
285.220
285.100
285.110
285.200
285.170
285.220
285.060
285.100
285.060
285.060
285.080
285.010
285.110
285.040
285.080
285.010
285.080
285.010
285.100
285.100
285.080
285.110
285.110
285.110
285.130
285.030
285.150
285.040
285.130
285.130
285.170
285.300
285.360
285.480
285.530
285.600
285.440
285.370
285.340
285.290
285.410
285.320
285.250
285.200
285.290
285.410
285.530
285.430
285.390
285.530
285.500
285.550
285.550
285.560
285.580
285.600
285.550
285.460
285.510
285.550
285.460
285.460
285.410
285.440
285.390
285.440
285.410
285.430
285.370
285.340
285.340
285.290
285.340
285.360
285.360
285.270
285.220
285.290
285.220
285.270
285.240
285.250
285.240
285.300
285.340
285.290
285.300
285.270
285.370
285.360
285.320
285.360
285.360
285.390
285.360
285.390
285.410
285.370
285.370
285.390
285.500
285.430
285.440
285.410
285.430
285.430
285.390
285.440
285.390
285.430
285.410
285.360
285.270
285.240
285.270
285.220
285.270
285.250
285.270
285.170
285.110
285.180
285.150
285.200
285.180
285.200
285.200
285.240
285.360
285.320
285.390
285.320
285.360
285.300
285.300
285.370
285.300
285.320
285.290
285.270
285.250
285.200
285.240
285.200
285.300
285.240
285.300
285.300
285.370
285.430
285.390
285.430
285.270
285.270
285.250
285.370
285.410
285.390
285.440
285.360
285.370
285.340
285.250
285.180
285.180
285.250
285.170
285.170
285.250
285.270
285.320
285.390
285.440
285.390
285.390
285.340
285.370
285.430
285.360
285.390
285.300
285.390
285.320
285.370
285.320
285.250
285.440
285.430
285.500
285.440
285.480
285.370
285.340
285.440
285.390
285.430
285.430
285.530
285.510
285.440
285.500
285.510
285.560
285.500
285.550
285.580
285.550
285.630
285.580
285.530
285.530
285.550
285.480
285.510
285.480
285.500
285.510
285.480
285.550
285.500
285.480
285.440
285.370
285.440
285.410
285.440
285.360
285.360
285.220
285.200
285.270
285.170
285.200
285.130
285.180
285.240
285.180
285.180
285.150
285.200
285.130
285.200
285.150
285.130
285.200
285.170
285.200
285.150
285.240
285.290
285.240
285.250
285.150
285.180
285.130
285.150
285.150
285.110
285.130
285.130
285.220
285.180
285.250
285.270
285.290
285.300
285.270
285.300
285.240
285.290
285.290
285.240
285.220
285.220
285.300
285.250
285.270
285.220
285.200
285.130
285.100
285.200
285.180
285.200
285.110
285.100
285.080
285.060
285.100
285.040
285.100
285.030
285.080
285.100
285.110
285.110
285.080
285.100
285.040
285.110
285.100
285.080
285.100
285.060
285.100
285.080
285.110
285.100
285.110
285.110
285.060
285.150
285.110
285.130
285.130
285.100
285.150
285.200
285.300
285.200
285.220
285.240
285.270
285.320
285.250
285.320
285.250
285.300
285.290
285.390
285.440
285.500
285.600
285.650
285.750
285.770
285.880
285.910
285.930
285.960
285.860
285.860
285.750
285.810
285.770
285.630
285.550
285.500
285.580
285.670
285.750
285.840
285.910
285.980
285.910
285.960
285.880
285.750
285.560
285.550
285.620
285.550
285.620
285.600
285.600
285.600
285.690
285.740
285.630
285.670
285.650
285.690
285.670
285.630
285.620
285.550
285.620
285.620
285.690
285.720
285.960
286.080
286.120
286.210
286.100
286.020
286.000
286.140
286.260
286.150
286.050
285.930
285.890
285.860
285.880
285.840
285.840
285.910
285.890
285.980
285.890
286.020
285.950
285.930
286.020
286.030
286.140
286.170
286.150
286.120
286.080
286.080
286.170
286.270
286.120
286.080
286.140
286.150
286.140
286.140
286.190
286.170
286.150
286.120
286.070
286.000
285.960
286.000
285.960
286.020
285.950
285.880
285.820
285.750
285.860
285.860
285.860
285.790
285.790
285.770
285.670
285.740
285.750
285.880
285.930
286.050
286.410
286.500
286.480
286.470
286.530
286.500
286.520
286.550
286.530
286.530
286.430
286.450
286.380
286.470
286.470
286.400
286.410
286.360
286.530
286.590
286.670
286.670
286.640
286.590
286.530
286.760
286.730
286.740
286.690
286.740
286.710
286.670
286.760
286.660
286.600
286.470
286.430
286.430
286.400
286.410
286.310
286.340
286.310
286.360
286.400
286.400
286.470
286.360
286.380
286.400
286.470
286.400
286.410
286.450
286.360
286.450
286.330
286.430
286.410
286.360
286.480
286.400
286.400
286.340
286.310
286.340
286.380
286.450
286.340
286.360
286.260
286.270
286.120
286.120
286.140
286.050
286.140
286.120
286.120
286.150
286.140
286.120
286.150
286.190
286.190
286.190
286.220
286.240
286.360
286.380
286.410
286.430
286.470
286.450
286.450
286.380
286.430
286.590
286.550
286.570
286.410
286.430
286.430
286.360
286.340
286.330
286.340
286.290
286.310
286.410
286.340
286.310
286.330
286.360
286.380
286.330
286.340
286.330
286.340
286.310
286.410
286.340
286.360
286.260
286.270
286.150
286.220
286.080
286.100
286.120
286.070
286.100
286.260
286.240
286.260
286.220
286.270
286.220
286.260
286.260
286.260
286.270
286.220
286.220
286.240
286.270
286.290
286.290
286.360
286.240
286.260
286.290
286.310
286.330
286.270
286.190
286.150
286.210
286.080
286.080
286.270
286.220
286.290
286.260
286.330
286.260
286.330
286.190
286.220
286.220
286.210
286.270
286.260
286.340
286.330
286.380
286.290
286.240
286.260
286.310
286.240
286.220
286.310
286.270
286.240
286.380
286.290
286.380
286.340
286.360
286.470
286.530
286.600
286.470
286.430
286.430
286.380
286.400
286.340
286.380
286.290
286.310
286.260
286.260
286.260
286.210
286.260
286.210
286.260
286.170
286.140
286.170
286.220
286.380
286.330
286.400
286.330
286.290
286.290
286.260
286.270
286.240
286.290
286.240
286.260
286.270
286.210
286.260
286.220
286.240
286.190
286.210
286.210
286.170
286.210
286.150
286.210
286.170
286.190
286.210
286.210
286.210
286.140
286.270
286.260
286.210
286.150
286.220
286.290
286.190
286.220
286.210
286.190
286.170
286.210
286.210
286.190
286.240
286.210
286.270
286.220
286.210
286.220
286.190
286.240
286.260
286.310
286.270
286.260
286.260
286.260
286.310
286.240
286.330
286.330
286.340
286.310
286.260
286.290
286.290
286.410
286.270
286.290
286.480
286.430
286.310
286.310
286.360
286.430
286.520
286.450
286.410
286.520
286.400
286.480
286.410
286.530
286.450
286.430
286.530
286.520
286.520
286.500
286.620
286.570
286.640
286.640
286.480
286.500
286.530
286.740
286.760
286.590
286.690
286.740
286.760
286.780
286.920
286.930
286.970
287.000
286.970
287.000
286.920
287.020
286.900
286.920
286.950
286.990
287.020
286.900
286.900
286.780
286.690
286.670
286.670
286.780
286.810
286.930
286.900
286.850
286.760
286.740
286.810
286.780
286.790
286.760
286.740
286.690
286.660
286.670
286.670
286.730
286.730
286.730
286.740
286.740
286.730
286.670
286.730
286.600
286.710
286.730
286.690
286.780
286.670
286.740
286.730
286.780
286.790
286.760
286.740
286.740
286.900
286.760
286.780
286.740
286.740
286.830
286.860
286.920
286.790
286.900
286.810
286.790
286.780
286.760
286.810
286.780
286.860
286.790
286.810
286.790
286.810
286.860
286.740
286.860
286.790
286.880
286.900
286.920
287.040
286.880
286.990
286.970
286.920
286.930
286.900
286.860
286.860
286.950
286.830
286.810
286.810
286.780
286.790
286.730
286.730
286.660
286.690
286.660
286.660
286.730
286.690
286.760
286.740
286.780
286.780
286.790
286.850
286.830
286.900
286.850
286.860
286.830
286.830
286.850
286.850
286.900
286.880
286.920
286.880
286.900
286.900
286.850
286.880
286.830
286.860
286.830
286.830
286.810
286.790
286.810
286.780
286.850
286.810
286.860
286.900
286.900
286.950
286.900
286.930
286.900
286.930
286.950
286.950
286.970
286.930
286.990
286.950
286.970
286.950
286.930
286.920
286.810
286.740
286.640
286.590
286.550
286.530
286.500
286.450
286.500
286.470
286.520
286.530
286.590
286.670
286.670
286.740
286.690
286.730
286.710
286.740
286.740
286.730
286.780
286.740
286.790
286.780
286.790
286.790
286.780
286.810
286.780
286.810
286.790
286.830
286.830
286.850
286.920
286.900
286.950
286.930
286.990
286.990
286.990
287.020
286.990
287.020
287.000
287.020
287.020
287.000
287.020
286.970
286.990
286.950
286.970
286.930
286.930
286.970
286.970
287.040
287.000
287.050
287.050
287.050
287.040
287.000
287.090
287.040
287.070
287.050
287.090
287.140
287.160
287.260
287.180
287.140
287.070
287.140
287.180
287.180
287.210
287.070
287.070
287.090
287.250
287.300
287.300
287.380
287.350
287.440
287.420
287.400
287.400
287.380
287.350
287.260
287.260
287.180
287.330
287.330
287.260
287.210
287.280
287.380
287.380
287.380
287.300
287.280
287.350
287.380
287.440
287.350
287.330
287.330
287.330
287.370
287.300
287.310
287.230
287.190
287.180
287.160
287.210
287.230
287.330
287.400
287.540
287.540
287.540
287.490
287.470
287.570
287.610
287.700
287.750
287.850
287.900
287.940
287.850
287.630
287.570
287.450
287.380
287.380
287.450
287.610
287.380
287.470
287.520
287.560
287.660
287.680
287.710
287.820
287.900
287.820
287.710
287.630
287.610
287.560
287.380
287.520
287.630
287.440
287.330
287.440
287.380
287.300
287.300
287.230
287.300
287.450
287.380
287.610
287.450
287.440
287.520
287.520
287.540
287.660
287.800
287.830
287.900
287.830
287.970
287.850
287.820
287.700
287.560
287.710
287.800
287.900
287.820
287.730
287.890
288.160
288.220
288.040
288.150
288.180
288.060
288.010
288.040
288.220
288.340
288.670
288.600
288.300
288.160
288.080
288.150
288.270
288.580
288.510
288.250
288.220
288.250
288.340
288.290
288.270
288.110
288.040
287.960
287.830
287.940
287.900
287.990
287.940
288.010
287.900
287.890
287.850
287.820
287.850
287.770
287.710
287.510
287.510
287.490
287.490
287.590
287.610
287.750
287.780
287.800
287.750
287.770
287.900
287.890
287.940
288.110
288.270
288.100
288.040
288.110
288.080
288.110
287.890
287.770
287.780
287.730
287.870
287.780
287.820
287.730
287.660
287.660
287.630
287.700
287.700
287.700
287.560
287.610
287.630
287.570
287.610
287.630
287.680
287.660
287.730
287.730
287.570
287.560
287.560
287.630
287.510
287.470
287.420
287.450
287.520
287.510
287.510
287.400
287.400
287.370
287.330
287.350
287.370
287.440
287.400
287.450
287.420
287.440
287.450
287.440
287.490
287.420
287.420
287.350
287.250
287.190
287.140
287.180
287.140
287.230
287.210
287.280
287.330
287.330
287.330
287.280
287.300
287.300
287.350
287.330
287.310
287.420
287.420
287.490
287.370
287.370
287.310
287.300
287.310
287.310
287.370
287.230
287.280
287.280
287.280
287.300
287.310
287.450
287.300
287.260
287.230
287.180
287.190
287.160
287.120
287.050
287.140
287.160
287.180
287.090
287.050
287.090
287.020
287.110
287.020
287.110
287.160
287.210
287.250
287.180
287.120
287.050
287.020
286.950
286.930
287.050
286.950
286.970
286.950
287.040
287.120
287.040
287.070
287.090
287.020
286.950
286.970
286.970
286.880
286.850
286.760
286.850
286.920
286.990
287.070
287.160
287.180
287.110
287.140
287.090
287.120
287.110
287.160
287.250
287.180
287.250
287.310
287.450
287.560
287.610
287.540
287.370
287.370
287.280
287.230
287.050
287.000
287.040
287.020
286.970
286.860
286.920
286.880
286.880
286.930
286.990
286.900
286.950
286.970
286.950
286.990
287.020
287.090
287.120
287.040
287.160
287.160
287.210
287.230
287.210
287.210
287.110
287.110
286.930
286.880
286.850
286.850
286.930
286.930
286.990
286.950
287.020
287.070
287.160
287.230
287.230
287.260
287.230
287.230
287.230
287.210
287.210
287.160
287.160
287.120
287.140
287.110
287.110
287.110
287.050
286.990
286.930
286.920
286.810
286.810
286.830
286.810
286.790
286.660
286.570
286.530
286.500
286.500
286.530
286.660
286.690
286.830
286.920
287.000
287.000
286.950
286.900
286.830
286.920
286.790
286.730
286.570
286.480
286.470
286.450
286.400
286.360
286.400
286.400
286.360
286.310
286.550
286.690
286.830
286.860
286.810
286.780
286.830
286.600
286.550
286.530
286.600
286.600
286.600
286.600
286.570
286.690
286.730
286.740
286.640
286.600
286.710
286.620
286.600
286.570
286.590
286.470
286.410
286.400
286.410
286.400
286.210
286.290
286.430
286.470
286.410
286.240
286.150
286.050
285.880
285.750
285.810
285.790
285.770
285.820
285.740
285.790
285.740
285.770
285.750
285.750
285.810
285.770
285.840
285.890
285.930
285.890
285.930
285.880
285.820
285.930
285.820
285.840
285.910
285.980
286.000
285.910
285.980
285.890
286.020
285.950
285.860
285.890
285.840
285.880
285.770
285.820
285.840
285.820
285.790
285.790
285.770
285.790
285.840
285.860
285.790
285.810
285.840
285.840
285.860
285.810
285.770
285.790
285.750
285.740
285.810
285.740
285.810
285.810
285.770
285.860
285.820
285.810
285.720
285.950
285.790
285.840
285.840
285.770
285.770
285.810
285.840
285.770
285.740
285.720
285.750
285.770
285.790
285.840
285.770
285.750
285.720
285.720
285.770
285.740
285.700
285.650
285.690
285.650
285.650
285.740
285.690
285.750
285.700
285.750
285.690
285.700
285.750
285.750
285.740
285.650
285.700
285.690
285.720
285.690
285.670
285.720
285.650
285.740
285.720
285.770
285.740
285.750
285.810
285.690
285.750
285.700
285.740
285.720
285.630
285.670
285.600
285.650
285.650
285.630
285.670
285.650
285.670
285.670
285.750
285.630
285.720
285.690
285.740
285.750
285.650
285.740
285.650
285.670
285.700
285.740
285.750
285.700
285.700
285.670
285.750
285.720
285.720
285.690
285.720
285.700
285.690
285.670
285.670
285.670
285.620
285.670
285.750
285.700
285.750
285.630
285.670
285.750
285.700
285.810
285.740
285.770
285.670
285.670
285.670
285.580
285.650
285.690
285.690
285.650
285.630
285.550
285.690
285.620
285.580
285.670
285.580
285.650
285.670
285.750
285.700
285.720
285.740
285.630
285.600
285.690
285.740
285.770
285.620
285.670
285.630
285.670
285.690
285.790
285.750
285.650
285.720
285.580
285.720
285.770
285.860
285.840
285.960
285.950
285.950
286.140
286.210
286.360
286.410
286.400
286.410
286.400
286.590
286.620
286.520
286.450
286.520
286.500
286.430
286.670
286.480
286.430
286.500
286.450
286.520
286.470
286.570
286.430
286.220
286.120
286.080
286.100
286.070
286.070
285.950
286.020
286.080
286.030
285.930
285.820
285.860
285.880
285.960
285.880
285.860
285.880
285.860
285.820
285.790
285.880
285.930
285.910
285.750
285.690
285.690
285.650
285.650
285.650
285.690
285.690
285.690
285.740
285.700
285.690
285.690
285.750
285.840
285.950
286.270
286.330
286.480
286.480
286.520
286.450
286.430
286.430
286.360
286.530
286.470
286.470
286.430
286.520
286.640
286.780
286.860
286.790
286.780
286.740
286.780
286.830
286.810
286.780
286.810
286.730
286.670
286.670
286.710
286.670
286.730
286.760
286.780
286.730
286.830
286.780
286.780
286.850
286.850
286.920
286.860
286.860
286.850
286.880
286.920
286.740
286.780
286.810
286.860
286.920
286.860
286.880
286.920
286.900
286.880
286.990
286.880
286.850
286.830
286.920
286.950
286.900
286.930
286.860
286.790
286.790
286.760
286.740
286.670
286.690
286.710
286.690
286.670
286.520
286.570
286.570
286.710
286.590
286.520
286.410
286.310
286.340
286.190
286.070
285.980
285.980
285.980
285.860
285.860
285.740
285.740
285.670
285.650
285.630
285.630
285.670
285.580
285.690
285.620
285.670
285.650
285.650
285.630
285.620
285.690
285.720
285.770
285.670
285.690
285.720
285.630
285.720
285.670
285.650
285.630
285.750
285.820
285.840
285.860
285.770
285.860
285.820
285.820
285.840
285.700
285.810
285.810
285.880
285.890
286.000
286.050
286.030
286.150
286.050
286.210
286.260
286.260
286.340
286.360
286.450
286.520
286.400
286.240
286.240
286.240
286.340
286.360
286.360
286.380
286.340
286.260
286.240
286.410
286.220
286.210
286.290
286.260
286.310
286.330
286.360
286.430
286.520
286.600
286.520
286.660
286.570
286.520
286.590
286.530
286.590
286.480
286.430
286.260
286.330
286.270
286.210
286.290
286.270
286.270
286.270
286.360
286.410
286.520
286.620
286.500
286.640
286.670
286.710
286.730
286.690
286.740
286.550
286.760
286.550
286.670
286.780
286.570
286.590
286.500
286.520
286.530
286.620
286.590
286.620
286.600
286.530
286.620
286.550
286.530
286.550
286.530
286.530
286.520
286.600
286.520
286.360
286.470
286.430
286.550
286.520
286.550
286.480
286.400
286.310
286.400
286.470
286.600
286.500
286.480
286.530
286.620
286.790
286.760
286.850
286.760
286.530
286.760
286.810
286.850
286.670
286.850
287.000
286.850
286.990
287.190
287.120
287.250
287.110
287.050
287.110
287.050
287.040
287.020
287.160
286.930
286.850
286.830
286.930
287.000
286.900
286.930
286.920
286.920
286.780
286.810
286.760
286.740
286.600
286.470
286.470
286.340
286.400
286.360
286.380
286.360
286.450
286.470
286.330
286.260
286.210
286.290
286.340
286.360
286.400
286.400
286.640
286.500
286.140
286.020
285.950
285.930
285.810
285.820
285.700
285.700
285.670
285.670
285.670
285.630
285.620
285.580
285.740
285.880
286.150
286.310
286.030
286.050
286.020
286.380
286.570
286.570
286.500
286.500
286.520
286.470
286.590
286.550
286.450
286.430
286.410
286.380
286.380
286.470
286.500
286.590
286.410
286.410
286.380
286.360
286.400
286.290
286.330
286.360
286.260
286.450
286.340
286.470
286.380
286.340
286.310
286.290
286.550
286.570
286.740
286.690
286.730
286.660
286.660
286.710
286.620
286.730
286.670
286.660
286.640
286.660
286.730
286.760
286.780
286.740
286.830
286.810
286.880
286.930
286.880
286.950
287.050
286.970
286.950
286.950
287.000
286.970
286.850
286.760
286.780
286.860
286.900
286.930
286.850
286.920
286.950
286.810
286.550
286.360
286.310
286.240
286.340
286.590
286.760
286.550
286.640
286.740
286.930
287.040
286.930
286.880
286.860
286.730
286.640
286.830
286.930
286.850
287.190
286.810
286.670
286.480
286.360
286.450
286.860
287.040
286.860
287.260
287.250
287.350
287.380
287.310
287.260
287.420
287.570
287.590
287.730
287.770
287.820
287.820
287.870
287.870
288.160
288.650
288.410
288.270
288.290
288.150
288.220
288.150
287.970
287.940
287.850
287.520
287.310
287.330
287.380
287.260
287.000
286.880
286.880
286.710
286.470
286.400
286.120
285.930
285.820
285.770
285.740
285.770
285.860
286.020
286.080
286.210
286.340
286.400
286.500
286.640
286.950
287.020
286.880
287.050
286.990
287.050
286.970
286.900
286.900
286.850
286.920
286.930
286.860
286.790
286.740
286.690
286.710
286.780
286.740
286.690
286.550
286.530
286.240
286.050
286.050
285.880
286.050
286.030
286.050
285.930
286.140
286.050
285.930
285.980
285.950
286.020
286.100
286.020
286.020
285.810
286.020
285.790
285.960
286.000
285.880
285.980
285.980
286.190
286.140
286.240
286.290
286.290
286.450
286.450
286.360
286.210
286.360
286.210
285.980
285.820
285.750
285.740
285.820
285.790
285.750
285.700
285.770
285.750
285.810
285.690
285.790
285.810
285.810
285.790
285.840
285.700
285.690
285.740
285.690
285.740
285.670
285.720
285.770
285.630
285.700
285.700
285.620
285.580
285.600
285.560
285.670
285.690
285.600
285.600
285.530
285.670
285.630
285.720
285.770
285.650
285.690
285.600
285.650
285.670
285.600
285.750
285.560
285.690
285.650
285.740
285.670
285.630
285.720
285.720
285.720
285.770
285.960
286.030
286.190
286.450
286.400
286.430
286.480
286.400
286.310
286.330
286.240
286.150
286.240
286.140
286.270
286.380
286.400
286.470
286.470
286.620
286.670
286.830
286.830
286.860
286.900
286.830
286.850
286.810
286.850
286.810
286.790
286.790
286.780
286.850
286.830
286.790
286.780
286.790
286.790
286.730
286.780
286.690
286.730
286.690
286.690
286.660
286.670
286.740
286.740
286.780
286.760
286.730
286.730
286.710
286.690
286.600
286.660
286.640
286.690
286.690
286.670
286.710
286.690
286.740
286.690
286.690
286.670
286.660
286.690
286.640
286.690
286.640
286.670
286.660
286.660
286.640
286.620
286.660
286.600
286.640
286.590
286.600
286.620
286.590
286.670
286.640
286.690
286.660
286.670
286.690
286.670
286.710
286.690
286.740
286.730
286.730
286.740
286.690
286.690
286.590
286.640
286.530
286.520
286.430
286.360
286.410
286.400
286.470
286.430
286.450
286.410
286.430
286.470
286.400
286.470
286.410
286.380
286.260
286.030
285.910
285.880
285.960
285.930
286.000
286.000
285.960
285.890
285.840
285.860
285.770
285.770
285.770
285.790
285.840
285.810
285.890
285.880
285.960
286.030
286.050
286.140
286.080
286.120
286.100
286.170
286.120
286.120
286.120
286.120
286.140
286.070
286.080
286.030
286.020
286.000
285.950
285.950
285.840
285.910
285.910
285.950
285.930
285.950
286.050
286.050
286.080
286.020
286.050
286.050
286.120
286.150
286.080
286.170
286.170
286.240
286.290
286.310
286.340
286.330
286.480
286.470
286.550
286.570
286.530
286.520
286.400
286.380
286.340
286.330
286.310
286.360
286.470
286.330
286.310
286.150
286.150
286.100
286.080
286.050
285.980
286.030
285.980
286.120
286.070
286.100
286.170
286.190
286.220
286.210
286.310
286.260
286.270
286.220
286.190
286.240
286.140
286.080
286.030
285.980
286.050
285.950
286.030
285.890
285.950
286.080
286.270
286.430
286.530
286.570
286.620
286.830
286.790
286.600
286.360
286.190
286.140
286.210
286.050
285.890
285.910
285.910
285.890
285.930
285.910
285.980
286.020
286.150
285.950
285.890
286.020
285.950
286.120
286.260
286.500
286.600
286.690
286.790
286.830
286.930
286.970
287.040
286.900
286.920
286.930
286.930
286.970
286.950
287.000
286.970
287.000
286.990
286.990
287.000
286.920
287.000
286.990
287.000
287.070
287.070
287.070
287.040
287.020
287.000
287.000
287.040
287.040
287.120
287.020
287.040
286.970
287.020
286.950
287.000
287.040
286.930
287.000
286.970
287.000
286.930
286.920
286.930
286.930
286.950
286.950
286.950
286.900
286.900
286.930
286.850
286.900
286.830
286.900
286.850
286.860
286.850
286.810
286.740
286.590
286.520
286.340
286.260
286.260
286.170
286.170
286.140
286.150
286.150
286.290
286.380
286.450
286.470
286.480
286.530
286.500
286.500
286.550
286.600
286.690
286.740
286.760
286.660
286.660
286.620
286.640
286.670
286.570
286.570
286.450
286.500
286.530
286.530
286.520
286.480
286.590
286.480
286.520
286.520
286.530
286.570
286.570
286.660
286.620
286.670
286.600
286.640
286.670
286.660
286.730
286.670
286.620
286.570
286.640
286.690
286.690
286.740
286.730
286.780
286.690
286.730
286.640
286.600
286.620
286.620
286.670
286.710
286.810
286.830
286.850
286.860
286.780
286.830
286.830
286.900
286.880
286.880
286.990
286.970
286.970
286.860
286.880
286.920
286.990
287.000
287.000
287.050
287.020
287.020
286.930
286.930
286.920
286.860
286.920
286.880
286.930
286.930
286.920
286.930
286.880
286.920
286.860
286.880
286.850
286.850
286.810
286.760
286.860
286.950
287.050
286.970
287.070
287.070
287.020
286.990
286.920
286.950
286.920
286.930
286.900
286.880
286.950
286.950
287.020
286.990
287.020
287.040
287.070
287.140
287.210
287.250
287.190
287.230
287.140
287.090
287.110
287.070
287.120
287.050
287.110
287.040
287.020
287.040
287.000
286.970
286.920
286.930
286.900
286.930
286.950
286.970
287.040
287.000
287.050
287.040
287.050
287.040
287.000
287.040
287.110
287.260
287.280
287.350
287.350
287.300
287.260
287.190
287.230
287.180
287.250
287.260
287.280
287.350
287.330
287.370
287.300
287.300
287.260
287.050
286.880
286.810
286.760
286.360
286.220
286.140
286.220
286.290
286.210
286.310
286.140
286.140
286.100
286.140
286.210
286.170
286.310
286.430
286.480
286.410
286.430
286.410
286.430
286.500
286.410
286.500
286.530
286.600
286.730
286.900
287.090
287.120
287.230
287.230
287.300
287.400
287.490
287.570
287.590
287.660
287.630
287.630
287.540
287.450
287.450
287.380
287.440
287.370
287.400
287.380
287.400
287.450
287.420
287.440
287.370
287.400
287.400
287.380
287.400
287.370
287.440
287.400
287.450
287.510
287.560
287.590
287.560
287.570
287.470
287.510
287.470
287.490
287.510
287.510
287.570
287.540
287.560
287.370
287.180
287.070
287.000
286.990
286.920
286.900
286.880
286.860
286.900
287.040
287.210
287.260
287.400
287.400
287.440
287.440
287.380
287.420
287.370
287.520
287.450
287.350
287.250
287.190
287.190
287.120
287.190
287.140
287.230
287.230
287.230
287.260
287.230
287.260
287.160
287.210
287.260
287.250
287.310
